TIME,TRUTH_N
0,10
0.005,10
0.01,10
0.015,10
0.02,10
0.025,10
0.03,10
0.035,10
0.04,10
0.045,10
0.05,10
0.055,10
0.06,10
0.065,10
0.07,10
0.075,10
0.08,10
0.085,10
0.09,10
0.095,10
0.1,10
0.105,9.99999
0.11,9.99998
0.115,9.99997
0.12,9.99996
0.125,9.99994
0.13,9.99992
0.135,9.99989
0.14,9.99985
0.145,9.99981
0.15,9.99976
0.155,9.9997
0.16,9.99964
0.165,9.99956
0.17,9.99947
0.175,9.99937
0.18,9.99926
0.185,9.99913
0.19,9.99899
0.195,9.99883
0.2,9.99866
0.205,9.99847
0.21,9.99827
0.215,9.99805
0.22,9.99781
0.225,9.99755
0.23,9.99728
0.235,9.99699
0.24,9.99668
0.245,9.99635
0.25,9.996
0.255,9.99564
0.26,9.99526
0.265,9.99486
0.27,9.99444
0.275,9.99401
0.28,9.99356
0.285,9.9931
0.29,9.99262
0.295,9.99212
0.3,9.99161
0.305,9.99109
0.31,9.99056
0.315,9.99002
0.32,9.98946
0.325,9.9889
0.33,9.98833
0.335,9.98775
0.34,9.98717
0.345,9.98658
0.35,9.98598
0.355,9.98539
0.36,9.98479
0.365,9.98419
0.37,9.98359
0.375,9.983
0.38,9.9824
0.385,9.98181
0.39,9.98123
0.395,9.98065
0.4,9.98008
0.405,9.97952
0.41,9.97897
0.415,9.97843
0.42,9.9779
0.425,9.97738
0.43,9.97688
0.435,9.97639
0.44,9.97592
0.445,9.97547
0.45,9.97503
0.455,9.97461
0.46,9.97421
0.465,9.97384
0.47,9.97348
0.475,9.97314
0.48,9.97283
0.485,9.97254
0.49,9.97227
0.495,9.97202
0.5,9.9718
0.505,9.9716
0.51,9.97143
0.515,9.97128
0.52,9.97116
0.525,9.97106
0.53,9.97098
0.535,9.97092
0.54,9.97089
0.545,9.97089
0.55,9.9709
0.555,9.97094
0.56,9.971
0.565,9.97109
0.57,9.97119
0.575,9.97132
0.58,9.97146
0.585,9.97163
0.59,9.97182
0.595,9.97202
0.6,9.97224
0.605,9.97247
0.61,9.97273
0.615,9.97299
0.62,9.97327
0.625,9.97357
0.63,9.97387
0.635,9.97419
0.64,9.97452
0.645,9.97486
0.65,9.9752
0.655,9.97556
0.66,9.97592
0.665,9.97629
0.67,9.97666
0.675,9.97704
0.68,9.97743
0.685,9.97781
0.69,9.9782
0.695,9.97859
0.7,9.97899
0.705,9.97938
0.71,9.97978
0.715,9.98017
0.72,9.98056
0.725,9.98095
0.73,9.98134
0.735,9.98173
0.74,9.98211
0.745,9.98249
0.75,9.98286
0.755,9.98323
0.76,9.9836
0.765,9.98396
0.77,9.98431
0.775,9.98466
0.78,9.985
0.785,9.98533
0.79,9.98566
0.795,9.98597
0.8,9.98629
0.805,9.98659
0.81,9.98689
0.815,9.98717
0.82,9.98746
0.825,9.98773
0.83,9.98799
0.835,9.98825
0.84,9.9885
0.845,9.98874
0.85,9.98898
0.855,9.98921
0.86,9.98943
0.865,9.98965
0.87,9.98985
0.875,9.99006
0.88,9.99026
0.885,9.99045
0.89,9.99064
0.895,9.99082
0.9,9.991
0.905,9.99118
0.91,9.99135
0.915,9.99153
0.92,9.9917
0.925,9.99187
0.93,9.99204
0.935,9.99221
0.94,9.99238
0.945,9.99255
0.95,9.99273
0.955,9.99291
0.96,9.99309
0.965,9.99328
0.97,9.99347
0.975,9.99367
0.98,9.99388
0.985,9.99409
0.99,9.99432
0.995,9.99455
1,9.9948
1.005,9.99505
1.01,9.99532
1.015,9.9956
1.02,9.99589
1.025,9.99619
1.03,9.99651
1.035,9.99685
1.04,9.9972
1.045,9.99756
1.05,9.99794
1.055,9.99834
1.06,9.99876
1.065,9.9992
1.07,9.99965
1.075,10.0001
1.08,10.0006
1.085,10.0011
1.09,10.0016
1.095,10.0022
1.1,10.0028
1.105,10.0033
1.11,10.004
1.115,10.0046
1.12,10.0052
1.125,10.0059
1.13,10.0066
1.135,10.0073
1.14,10.008
1.145,10.0088
1.15,10.0095
1.155,10.0103
1.16,10.0111
1.165,10.0119
1.17,10.0128
1.175,10.0136
1.18,10.0145
1.185,10.0154
1.19,10.0163
1.195,10.0172
1.2,10.0181
1.205,10.0191
1.21,10.02
1.215,10.021
1.22,10.022
1.225,10.023
1.23,10.024
1.235,10.0251
1.24,10.0261
1.245,10.0272
1.25,10.0282
1.255,10.0293
1.26,10.0304
1.265,10.0315
1.27,10.0326
1.275,10.0337
1.28,10.0348
1.285,10.0359
1.29,10.037
1.295,10.0382
1.3,10.0393
1.305,10.0405
1.31,10.0416
1.315,10.0427
1.32,10.0439
1.325,10.0451
1.33,10.0462
1.335,10.0474
1.34,10.0485
1.345,10.0497
1.35,10.0509
1.355,10.052
1.36,10.0532
1.365,10.0544
1.37,10.0555
1.375,10.0567
1.38,10.0579
1.385,10.0591
1.39,10.0602
1.395,10.0614
1.4,10.0626
1.405,10.0637
1.41,10.0649
1.415,10.0661
1.42,10.0672
1.425,10.0684
1.43,10.0696
1.435,10.0707
1.44,10.0719
1.445,10.0731
1.45,10.0742
1.455,10.0754
1.46,10.0765
1.465,10.0777
1.47,10.0788
1.475,10.08
1.48,10.0812
1.485,10.0823
1.49,10.0835
1.495,10.0846
1.5,10.0858
1.505,10.0869
1.51,10.0881
1.515,10.0892
1.52,10.0904
1.525,10.0915
1.53,10.0927
1.535,10.0938
1.54,10.095
1.545,10.0961
1.55,10.0973
1.555,10.0984
1.56,10.0996
1.565,10.1007
1.57,10.1019
1.575,10.103
1.58,10.1042
1.585,10.1053
1.59,10.1065
1.595,10.1077
1.6,10.1088
1.605,10.11
1.61,10.1111
1.615,10.1123
1.62,10.1134
1.625,10.1146
1.63,10.1157
1.635,10.1169
1.64,10.1181
1.645,10.1192
1.65,10.1204
1.655,10.1215
1.66,10.1227
1.665,10.1239
1.67,10.125
1.675,10.1262
1.68,10.1273
1.685,10.1285
1.69,10.1296
1.695,10.1308
1.7,10.132
1.705,10.1331
1.71,10.1343
1.715,10.1354
1.72,10.1366
1.725,10.1377
1.73,10.1389
1.735,10.14
1.74,10.1412
1.745,10.1423
1.75,10.1435
1.755,10.1446
1.76,10.1458
1.765,10.1469
1.77,10.1481
1.775,10.1492
1.78,10.1503
1.785,10.1515
1.79,10.1526
1.795,10.1537
1.8,10.1548
1.805,10.156
1.81,10.1571
1.815,10.1582
1.82,10.1593
1.825,10.1604
1.83,10.1615
1.835,10.1626
1.84,10.1637
1.845,10.1648
1.85,10.1659
1.855,10.167
1.86,10.1681
1.865,10.1691
1.87,10.1702
1.875,10.1713
1.88,10.1724
1.885,10.1734
1.89,10.1745
1.895,10.1755
1.9,10.1766
1.905,10.1776
1.91,10.1786
1.915,10.1797
1.92,10.1807
1.925,10.1817
1.93,10.1827
1.935,10.1838
1.94,10.1848
1.945,10.1858
1.95,10.1868
1.955,10.1878
1.96,10.1888
1.965,10.1898
1.97,10.1907
1.975,10.1917
1.98,10.1927
1.985,10.1937
1.99,10.1946
1.995,10.1956
2,10.1965
2.005,10.1975
2.01,10.1984
2.015,10.1994
2.02,10.2003
2.025,10.2012
2.03,10.2022
2.035,10.2031
2.04,10.204
2.045,10.2049
2.05,10.2058
2.055,10.2068
2.06,10.2077
2.065,10.2086
2.07,10.2095
2.075,10.2103
2.08,10.2112
2.085,10.2121
2.09,10.213
2.095,10.2139
2.1,10.2147
2.105,10.2156
2.11,10.2165
2.115,10.2173
2.12,10.2182
2.125,10.219
2.13,10.2199
2.135,10.2207
2.14,10.2215
2.145,10.2224
2.15,10.2232
2.155,10.224
2.16,10.2248
2.165,10.2256
2.17,10.2265
2.175,10.2273
2.18,10.2281
2.185,10.2289
2.19,10.2296
2.195,10.2304
2.2,10.2312
2.205,10.232
2.21,10.2328
2.215,10.2335
2.22,10.2343
2.225,10.2351
2.23,10.2358
2.235,10.2366
2.24,10.2373
2.245,10.2381
2.25,10.2388
2.255,10.2395
2.26,10.2403
2.265,10.241
2.27,10.2417
2.275,10.2424
2.28,10.2431
2.285,10.2438
2.29,10.2445
2.295,10.2452
2.3,10.2459
2.305,10.2466
2.31,10.2473
2.315,10.2479
2.32,10.2486
2.325,10.2493
2.33,10.2499
2.335,10.2506
2.34,10.2512
2.345,10.2519
2.35,10.2525
2.355,10.2532
2.36,10.2538
2.365,10.2544
2.37,10.255
2.375,10.2556
2.38,10.2562
2.385,10.2569
2.39,10.2575
2.395,10.258
2.4,10.2586
2.405,10.2592
2.41,10.2598
2.415,10.2604
2.42,10.2609
2.425,10.2615
2.43,10.2621
2.435,10.2626
2.44,10.2632
2.445,10.2637
2.45,10.2643
2.455,10.2648
2.46,10.2653
2.465,10.2658
2.47,10.2664
2.475,10.2669
2.48,10.2674
2.485,10.2679
2.49,10.2684
2.495,10.2689
2.5,10.2694
2.505,10.2699
2.51,10.2704
2.515,10.2709
2.52,10.2714
2.525,10.2718
2.53,10.2723
2.535,10.2728
2.54,10.2732
2.545,10.2737
2.55,10.2742
2.555,10.2746
2.56,10.2751
2.565,10.2755
2.57,10.2759
2.575,10.2764
2.58,10.2768
2.585,10.2772
2.59,10.2777
2.595,10.2781
2.6,10.2785
2.605,10.2789
2.61,10.2794
2.615,10.2798
2.62,10.2802
2.625,10.2806
2.63,10.281
2.635,10.2814
2.64,10.2818
2.645,10.2822
2.65,10.2825
2.655,10.2829
2.66,10.2833
2.665,10.2837
2.67,10.2841
2.675,10.2844
2.68,10.2848
2.685,10.2852
2.69,10.2855
2.695,10.2859
2.7,10.2862
2.705,10.2866
2.71,10.2869
2.715,10.2873
2.72,10.2876
2.725,10.288
2.73,10.2883
2.735,10.2886
2.74,10.289
2.745,10.2893
2.75,10.2896
2.755,10.29
2.76,10.2903
2.765,10.2906
2.77,10.2909
2.775,10.2912
2.78,10.2915
2.785,10.2918
2.79,10.2921
2.795,10.2924
2.8,10.2927
2.805,10.293
2.81,10.2933
2.815,10.2935
2.82,10.2938
2.825,10.2941
2.83,10.2944
2.835,10.2946
2.84,10.2949
2.845,10.2951
2.85,10.2954
2.855,10.2956
2.86,10.2959
2.865,10.2961
2.87,10.2964
2.875,10.2966
2.88,10.2968
2.885,10.2971
2.89,10.2973
2.895,10.2975
2.9,10.2977
2.905,10.298
2.91,10.2982
2.915,10.2984
2.92,10.2986
2.925,10.2988
2.93,10.299
2.935,10.2992
2.94,10.2994
2.945,10.2995
2.95,10.2997
2.955,10.2999
2.96,10.3001
2.965,10.3002
2.97,10.3004
2.975,10.3006
2.98,10.3007
2.985,10.3009
2.99,10.3011
2.995,10.3012
3,10.3014
3.005,10.3015
3.01,10.3016
3.015,10.3018
3.02,10.3019
3.025,10.3021
3.03,10.3022
3.035,10.3023
3.04,10.3024
3.045,10.3026
3.05,10.3027
3.055,10.3028
3.06,10.3029
3.065,10.303
3.07,10.3031
3.075,10.3032
3.08,10.3033
3.085,10.3034
3.09,10.3035
3.095,10.3036
3.1,10.3037
3.105,10.3038
3.11,10.3039
3.115,10.304
3.12,10.3041
3.125,10.3042
3.13,10.3043
3.135,10.3043
3.14,10.3044
3.145,10.3045
3.15,10.3046
3.155,10.3046
3.16,10.3047
3.165,10.3048
3.17,10.3048
3.175,10.3049
3.18,10.3049
3.185,10.305
3.19,10.3051
3.195,10.3051
3.2,10.3052
3.205,10.3052
3.21,10.3053
3.215,10.3053
3.22,10.3053
3.225,10.3054
3.23,10.3054
3.235,10.3055
3.24,10.3055
3.245,10.3055
3.25,10.3056
3.255,10.3056
3.26,10.3056
3.265,10.3057
3.27,10.3057
3.275,10.3057
3.28,10.3057
3.285,10.3057
3.29,10.3058
3.295,10.3058
3.3,10.3058
3.305,10.3058
3.31,10.3058
3.315,10.3058
3.32,10.3058
3.325,10.3058
3.33,10.3058
3.335,10.3058
3.34,10.3058
3.345,10.3058
3.35,10.3058
3.355,10.3058
3.36,10.3058
3.365,10.3058
3.37,10.3057
3.375,10.3057
3.38,10.3057
3.385,10.3057
3.39,10.3057
3.395,10.3056
3.4,10.3056
3.405,10.3056
3.41,10.3055
3.415,10.3055
3.42,10.3055
3.425,10.3054
3.43,10.3054
3.435,10.3054
3.44,10.3053
3.445,10.3053
3.45,10.3052
3.455,10.3052
3.46,10.3051
3.465,10.3051
3.47,10.305
3.475,10.305
3.48,10.3049
3.485,10.3048
3.49,10.3048
3.495,10.3047
3.5,10.3046
3.505,10.3046
3.51,10.3045
3.515,10.3044
3.52,10.3044
3.525,10.3043
3.53,10.3042
3.535,10.3041
3.54,10.304
3.545,10.304
3.55,10.3039
3.555,10.3038
3.56,10.3037
3.565,10.3036
3.57,10.3035
3.575,10.3034
3.58,10.3033
3.585,10.3032
3.59,10.3032
3.595,10.3031
3.6,10.303
3.605,10.3029
3.61,10.3028
3.615,10.3027
3.62,10.3025
3.625,10.3024
3.63,10.3023
3.635,10.3022
3.64,10.3021
3.645,10.302
3.65,10.3019
3.655,10.3018
3.66,10.3017
3.665,10.3016
3.67,10.3015
3.675,10.3013
3.68,10.3012
3.685,10.3011
3.69,10.301
3.695,10.3009
3.7,10.3008
3.705,10.3006
3.71,10.3005
3.715,10.3004
3.72,10.3003
3.725,10.3001
3.73,10.3
3.735,10.2999
3.74,10.2998
3.745,10.2996
3.75,10.2995
3.755,10.2994
3.76,10.2993
3.765,10.2991
3.77,10.299
3.775,10.2989
3.78,10.2987
3.785,10.2986
3.79,10.2985
3.795,10.2984
3.8,10.2982
3.805,10.2981
3.81,10.298
3.815,10.2978
3.82,10.2977
3.825,10.2975
3.83,10.2974
3.835,10.2973
3.84,10.2971
3.845,10.297
3.85,10.2969
3.855,10.2967
3.86,10.2966
3.865,10.2964
3.87,10.2963
3.875,10.2961
3.88,10.296
3.885,10.2959
3.89,10.2957
3.895,10.2956
3.9,10.2954
3.905,10.2953
3.91,10.2951
3.915,10.295
3.92,10.2948
3.925,10.2947
3.93,10.2945
3.935,10.2944
3.94,10.2942
3.945,10.2941
3.95,10.2939
3.955,10.2938
3.96,10.2936
3.965,10.2935
3.97,10.2933
3.975,10.2932
3.98,10.293
3.985,10.2928
3.99,10.2927
3.995,10.2925
4,10.2924
4.005,10.2922
4.01,10.292
4.015,10.2919
4.02,10.2917
4.025,10.2916
4.03,10.2914
4.035,10.2912
4.04,10.2911
4.045,10.2909
4.05,10.2907
4.055,10.2906
4.06,10.2904
4.065,10.2902
4.07,10.2901
4.075,10.2899
4.08,10.2897
4.085,10.2895
4.09,10.2894
4.095,10.2892
4.1,10.289
4.105,10.2888
4.11,10.2887
4.115,10.2885
4.12,10.2883
4.125,10.2881
4.13,10.288
4.135,10.2878
4.14,10.2876
4.145,10.2874
4.15,10.2872
4.155,10.287
4.16,10.2869
4.165,10.2867
4.17,10.2865
4.175,10.2863
4.18,10.2861
4.185,10.2859
4.19,10.2857
4.195,10.2856
4.2,10.2854
4.205,10.2852
4.21,10.285
4.215,10.2848
4.22,10.2846
4.225,10.2844
4.23,10.2842
4.235,10.284
4.24,10.2838
4.245,10.2836
4.25,10.2834
4.255,10.2832
4.26,10.283
4.265,10.2828
4.27,10.2826
4.275,10.2824
4.28,10.2822
4.285,10.282
4.29,10.2818
4.295,10.2816
4.3,10.2814
4.305,10.2812
4.31,10.281
4.315,10.2808
4.32,10.2806
4.325,10.2804
4.33,10.2802
4.335,10.28
4.34,10.2798
4.345,10.2796
4.35,10.2794
4.355,10.2792
4.36,10.279
4.365,10.2788
4.37,10.2786
4.375,10.2784
4.38,10.2782
4.385,10.278
4.39,10.2778
4.395,10.2775
4.4,10.2773
4.405,10.2771
4.41,10.2769
4.415,10.2767
4.42,10.2765
4.425,10.2763
4.43,10.2761
4.435,10.2759
4.44,10.2757
4.445,10.2755
4.45,10.2753
4.455,10.275
4.46,10.2748
4.465,10.2746
4.47,10.2744
4.475,10.2742
4.48,10.274
4.485,10.2738
4.49,10.2736
4.495,10.2734
4.5,10.2732
4.505,10.273
4.51,10.2728
4.515,10.2726
4.52,10.2723
4.525,10.2721
4.53,10.2719
4.535,10.2717
4.54,10.2715
4.545,10.2713
4.55,10.2711
4.555,10.2709
4.56,10.2707
4.565,10.2705
4.57,10.2703
4.575,10.2701
4.58,10.2699
4.585,10.2697
4.59,10.2695
4.595,10.2693
4.6,10.2691
4.605,10.2689
4.61,10.2686
4.615,10.2684
4.62,10.2682
4.625,10.268
4.63,10.2678
4.635,10.2676
4.64,10.2674
4.645,10.2672
4.65,10.267
4.655,10.2668
4.66,10.2666
4.665,10.2664
4.67,10.2662
4.675,10.266
4.68,10.2658
4.685,10.2656
4.69,10.2654
4.695,10.2652
4.7,10.265
4.705,10.2648
4.71,10.2646
4.715,10.2644
4.72,10.2641
4.725,10.2639
4.73,10.2637
4.735,10.2635
4.74,10.2633
4.745,10.2631
4.75,10.2629
4.755,10.2627
4.76,10.2625
4.765,10.2623
4.77,10.2621
4.775,10.2618
4.78,10.2616
4.785,10.2614
4.79,10.2612
4.795,10.261
4.8,10.2608
4.805,10.2606
4.81,10.2604
4.815,10.2601
4.82,10.2599
4.825,10.2597
4.83,10.2595
4.835,10.2593
4.84,10.2591
4.845,10.2589
4.85,10.2586
4.855,10.2584
4.86,10.2582
4.865,10.258
4.87,10.2578
4.875,10.2576
4.88,10.2573
4.885,10.2571
4.89,10.2569
4.895,10.2567
4.9,10.2565
4.905,10.2563
4.91,10.256
4.915,10.2558
4.92,10.2556
4.925,10.2554
4.93,10.2552
4.935,10.255
4.94,10.2548
4.945,10.2545
4.95,10.2543
4.955,10.2541
4.96,10.2539
4.965,10.2537
4.97,10.2535
4.975,10.2532
4.98,10.253
4.985,10.2528
4.99,10.2526
4.995,10.2524
5,10.2522
5.005,10.252
5.01,10.2518
5.015,10.2516
5.02,10.2513
5.025,10.2511
5.03,10.2509
5.035,10.2507
5.04,10.2505
5.045,10.2503
5.05,10.2501
5.055,10.2499
5.06,10.2497
5.065,10.2495
5.07,10.2493
5.075,10.2491
5.08,10.2489
5.085,10.2487
5.09,10.2485
5.095,10.2483
5.1,10.2481
5.105,10.2479
5.11,10.2477
5.115,10.2475
5.12,10.2473
5.125,10.2471
5.13,10.2469
5.135,10.2467
5.14,10.2465
5.145,10.2463
5.15,10.2461
5.155,10.2459
5.16,10.2457
5.165,10.2456
5.17,10.2454
5.175,10.2452
5.18,10.245
5.185,10.2448
5.19,10.2446
5.195,10.2445
5.2,10.2443
5.205,10.2441
5.21,10.2439
5.215,10.2437
5.22,10.2436
5.225,10.2434
5.23,10.2432
5.235,10.243
5.24,10.2429
5.245,10.2427
5.25,10.2425
5.255,10.2423
5.26,10.2422
5.265,10.242
5.27,10.2418
5.275,10.2417
5.28,10.2415
5.285,10.2413
5.29,10.2412
5.295,10.241
5.3,10.2408
5.305,10.2407
5.31,10.2405
5.315,10.2404
5.32,10.2402
5.325,10.2401
5.33,10.2399
5.335,10.2397
5.34,10.2396
5.345,10.2394
5.35,10.2393
5.355,10.2391
5.36,10.239
5.365,10.2388
5.37,10.2387
5.375,10.2385
5.38,10.2384
5.385,10.2382
5.39,10.2381
5.395,10.2379
5.4,10.2378
5.405,10.2376
5.41,10.2375
5.415,10.2374
5.42,10.2372
5.425,10.2371
5.43,10.2369
5.435,10.2368
5.44,10.2366
5.445,10.2365
5.45,10.2364
5.455,10.2362
5.46,10.2361
5.465,10.2359
5.47,10.2358
5.475,10.2357
5.48,10.2355
5.485,10.2354
5.49,10.2353
5.495,10.2351
5.5,10.235
5.505,10.2349
5.51,10.2347
5.515,10.2346
5.52,10.2344
5.525,10.2343
5.53,10.2342
5.535,10.234
5.54,10.2339
5.545,10.2338
5.55,10.2336
5.555,10.2335
5.56,10.2334
5.565,10.2332
5.57,10.2331
5.575,10.233
5.58,10.2328
5.585,10.2327
5.59,10.2325
5.595,10.2324
5.6,10.2323
5.605,10.2321
5.61,10.232
5.615,10.2319
5.62,10.2317
5.625,10.2316
5.63,10.2315
5.635,10.2313
5.64,10.2312
5.645,10.231
5.65,10.2309
5.655,10.2308
5.66,10.2306
5.665,10.2305
5.67,10.2304
5.675,10.2302
5.68,10.2301
5.685,10.2299
5.69,10.2298
5.695,10.2297
5.7,10.2295
5.705,10.2294
5.71,10.2293
5.715,10.2291
5.72,10.229
5.725,10.2288
5.73,10.2287
5.735,10.2286
5.74,10.2284
5.745,10.2283
5.75,10.2281
5.755,10.228
5.76,10.2279
5.765,10.2277
5.77,10.2276
5.775,10.2275
5.78,10.2273
5.785,10.2272
5.79,10.227
5.795,10.2269
5.8,10.2268
5.805,10.2266
5.81,10.2265
5.815,10.2264
5.82,10.2262
5.825,10.2261
5.83,10.226
5.835,10.2258
5.84,10.2257
5.845,10.2256
5.85,10.2254
5.855,10.2253
5.86,10.2252
5.865,10.225
5.87,10.2249
5.875,10.2248
5.88,10.2247
5.885,10.2245
5.89,10.2244
5.895,10.2243
5.9,10.2241
5.905,10.224
5.91,10.2239
5.915,10.2238
5.92,10.2237
5.925,10.2235
5.93,10.2234
5.935,10.2233
5.94,10.2232
5.945,10.223
5.95,10.2229
5.955,10.2228
5.96,10.2227
5.965,10.2226
5.97,10.2225
5.975,10.2223
5.98,10.2222
5.985,10.2221
5.99,10.222
5.995,10.2219
6,10.2218
6.005,10.2217
6.01,10.2216
6.015,10.2214
6.02,10.2213
6.025,10.2212
6.03,10.2211
6.035,10.221
6.04,10.2209
6.045,10.2208
6.05,10.2207
6.055,10.2206
6.06,10.2205
6.065,10.2203
6.07,10.2202
6.075,10.2201
6.08,10.22
6.085,10.2199
6.09,10.2198
6.095,10.2197
6.1,10.2196
6.105,10.2195
6.11,10.2194
6.115,10.2193
6.12,10.2192
6.125,10.2191
6.13,10.219
6.135,10.2189
6.14,10.2187
6.145,10.2186
6.15,10.2185
6.155,10.2184
6.16,10.2183
6.165,10.2182
6.17,10.2181
6.175,10.218
6.18,10.2179
6.185,10.2178
6.19,10.2177
6.195,10.2176
6.2,10.2175
6.205,10.2174
6.21,10.2172
6.215,10.2171
6.22,10.217
6.225,10.2169
6.23,10.2168
6.235,10.2167
6.24,10.2166
6.245,10.2165
6.25,10.2164
6.255,10.2163
6.26,10.2162
6.265,10.2161
6.27,10.216
6.275,10.2158
6.28,10.2157
6.285,10.2156
6.29,10.2155
6.295,10.2154
6.3,10.2153
6.305,10.2152
6.31,10.2151
6.315,10.215
6.32,10.2149
6.325,10.2148
6.33,10.2147
6.335,10.2145
6.34,10.2144
6.345,10.2143
6.35,10.2142
6.355,10.2141
6.36,10.214
6.365,10.2139
6.37,10.2138
6.375,10.2137
6.38,10.2136
6.385,10.2135
6.39,10.2134
6.395,10.2132
6.4,10.2131
6.405,10.213
6.41,10.2129
6.415,10.2128
6.42,10.2127
6.425,10.2126
6.43,10.2125
6.435,10.2124
6.44,10.2123
6.445,10.2122
6.45,10.2121
6.455,10.212
6.46,10.2119
6.465,10.2118
6.47,10.2117
6.475,10.2116
6.48,10.2115
6.485,10.2114
6.49,10.2113
6.495,10.2112
6.5,10.2111
6.505,10.211
6.51,10.2109
6.515,10.2108
6.52,10.2107
6.525,10.2106
6.53,10.2105
6.535,10.2104
6.54,10.2103
6.545,10.2102
6.55,10.2101
6.555,10.21
6.56,10.2099
6.565,10.2098
6.57,10.2097
6.575,10.2096
6.58,10.2095
6.585,10.2094
6.59,10.2094
6.595,10.2093
6.6,10.2092
6.605,10.2091
6.61,10.209
6.615,10.2089
6.62,10.2088
6.625,10.2087
6.63,10.2086
6.635,10.2085
6.64,10.2085
6.645,10.2084
6.65,10.2083
6.655,10.2082
6.66,10.2081
6.665,10.208
6.67,10.2079
6.675,10.2079
6.68,10.2078
6.685,10.2077
6.69,10.2076
6.695,10.2075
6.7,10.2074
6.705,10.2074
6.71,10.2073
6.715,10.2072
6.72,10.2071
6.725,10.207
6.73,10.207
6.735,10.2069
6.74,10.2068
6.745,10.2067
6.75,10.2067
6.755,10.2066
6.76,10.2065
6.765,10.2064
6.77,10.2064
6.775,10.2063
6.78,10.2062
6.785,10.2061
6.79,10.2061
6.795,10.206
6.8,10.2059
6.805,10.2059
6.81,10.2058
6.815,10.2057
6.82,10.2056
6.825,10.2056
6.83,10.2055
6.835,10.2054
6.84,10.2054
6.845,10.2053
6.85,10.2052
6.855,10.2052
6.86,10.2051
6.865,10.2051
6.87,10.205
6.875,10.2049
6.88,10.2049
6.885,10.2048
6.89,10.2048
6.895,10.2047
6.9,10.2046
6.905,10.2046
6.91,10.2045
6.915,10.2045
6.92,10.2044
6.925,10.2044
6.93,10.2043
6.935,10.2043
6.94,10.2042
6.945,10.2042
6.95,10.2041
6.955,10.2041
6.96,10.204
6.965,10.204
6.97,10.2039
6.975,10.2039
6.98,10.2038
6.985,10.2038
6.99,10.2037
6.995,10.2037
7,10.2037
7.005,10.2036
7.01,10.2036
7.015,10.2035
7.02,10.2035
7.025,10.2034
7.03,10.2034
7.035,10.2034
7.04,10.2033
7.045,10.2033
7.05,10.2032
7.055,10.2032
7.06,10.2032
7.065,10.2031
7.07,10.2031
7.075,10.203
7.08,10.203
7.085,10.2029
7.09,10.2029
7.095,10.2029
7.1,10.2028
7.105,10.2028
7.11,10.2027
7.115,10.2027
7.12,10.2027
7.125,10.2026
7.13,10.2026
7.135,10.2025
7.14,10.2025
7.145,10.2024
7.15,10.2024
7.155,10.2024
7.16,10.2023
7.165,10.2023
7.17,10.2022
7.175,10.2022
7.18,10.2022
7.185,10.2021
7.19,10.2021
7.195,10.202
7.2,10.202
7.205,10.2019
7.21,10.2019
7.215,10.2019
7.22,10.2018
7.225,10.2018
7.23,10.2017
7.235,10.2017
7.24,10.2017
7.245,10.2016
7.25,10.2016
7.255,10.2015
7.26,10.2015
7.265,10.2015
7.27,10.2014
7.275,10.2014
7.28,10.2014
7.285,10.2013
7.29,10.2013
7.295,10.2012
7.3,10.2012
7.305,10.2012
7.31,10.2011
7.315,10.2011
7.32,10.2011
7.325,10.201
7.33,10.201
7.335,10.201
7.34,10.2009
7.345,10.2009
7.35,10.2008
7.355,10.2008
7.36,10.2008
7.365,10.2007
7.37,10.2007
7.375,10.2007
7.38,10.2006
7.385,10.2006
7.39,10.2006
7.395,10.2005
7.4,10.2005
7.405,10.2005
7.41,10.2005
7.415,10.2004
7.42,10.2004
7.425,10.2004
7.43,10.2003
7.435,10.2003
7.44,10.2003
7.445,10.2002
7.45,10.2002
7.455,10.2002
7.46,10.2001
7.465,10.2001
7.47,10.2001
7.475,10.2001
7.48,10.2
7.485,10.2
7.49,10.2
7.495,10.1999
7.5,10.1999
7.505,10.1999
7.51,10.1998
7.515,10.1998
7.52,10.1998
7.525,10.1997
7.53,10.1997
7.535,10.1997
7.54,10.1997
7.545,10.1996
7.55,10.1996
7.555,10.1996
7.56,10.1995
7.565,10.1995
7.57,10.1995
7.575,10.1994
7.58,10.1994
7.585,10.1994
7.59,10.1993
7.595,10.1993
7.6,10.1993
7.605,10.1992
7.61,10.1992
7.615,10.1992
7.62,10.1991
7.625,10.1991
7.63,10.199
7.635,10.199
7.64,10.199
7.645,10.1989
7.65,10.1989
7.655,10.1989
7.66,10.1988
7.665,10.1988
7.67,10.1988
7.675,10.1987
7.68,10.1987
7.685,10.1987
7.69,10.1986
7.695,10.1986
7.7,10.1985
7.705,10.1985
7.71,10.1985
7.715,10.1984
7.72,10.1984
7.725,10.1984
7.73,10.1983
7.735,10.1983
7.74,10.1982
7.745,10.1982
7.75,10.1982
7.755,10.1981
7.76,10.1981
7.765,10.198
7.77,10.198
7.775,10.198
7.78,10.1979
7.785,10.1979
7.79,10.1978
7.795,10.1978
7.8,10.1977
7.805,10.1977
7.81,10.1977
7.815,10.1976
7.82,10.1976
7.825,10.1975
7.83,10.1975
7.835,10.1974
7.84,10.1974
7.845,10.1973
7.85,10.1973
7.855,10.1973
7.86,10.1972
7.865,10.1972
7.87,10.1971
7.875,10.1971
7.88,10.197
7.885,10.197
7.89,10.1969
7.895,10.1969
7.9,10.1968
7.905,10.1968
7.91,10.1967
7.915,10.1967
7.92,10.1966
7.925,10.1966
7.93,10.1965
7.935,10.1965
7.94,10.1964
7.945,10.1964
7.95,10.1963
7.955,10.1963
7.96,10.1962
7.965,10.1961
7.97,10.1961
7.975,10.196
7.98,10.196
7.985,10.1959
7.99,10.1959
7.995,10.1958
8,10.1958
8.005,10.1957
8.01,10.1957
8.015,10.1956
8.02,10.1955
8.025,10.1955
8.03,10.1954
8.035,10.1954
8.04,10.1953
8.045,10.1953
8.05,10.1952
8.055,10.1951
8.06,10.1951
8.065,10.195
8.07,10.195
8.075,10.1949
8.08,10.1949
8.085,10.1948
8.09,10.1948
8.095,10.1947
8.1,10.1947
8.105,10.1946
8.11,10.1945
8.115,10.1945
8.12,10.1944
8.125,10.1944
8.13,10.1943
8.135,10.1943
8.14,10.1942
8.145,10.1942
8.15,10.1941
8.155,10.1941
8.16,10.194
8.165,10.194
8.17,10.1939
8.175,10.1939
8.18,10.1938
8.185,10.1938
8.19,10.1937
8.195,10.1937
8.2,10.1936
8.205,10.1936
8.21,10.1935
8.215,10.1935
8.22,10.1934
8.225,10.1934
8.23,10.1933
8.235,10.1933
8.24,10.1933
8.245,10.1932
8.25,10.1932
8.255,10.1931
8.26,10.1931
8.265,10.193
8.27,10.193
8.275,10.193
8.28,10.1929
8.285,10.1929
8.29,10.1929
8.295,10.1928
8.3,10.1928
8.305,10.1927
8.31,10.1927
8.315,10.1927
8.32,10.1926
8.325,10.1926
8.33,10.1926
8.335,10.1925
8.34,10.1925
8.345,10.1925
8.35,10.1924
8.355,10.1924
8.36,10.1924
8.365,10.1923
8.37,10.1923
8.375,10.1923
8.38,10.1923
8.385,10.1922
8.39,10.1922
8.395,10.1922
8.4,10.1921
8.405,10.1921
8.41,10.1921
8.415,10.1921
8.42,10.192
8.425,10.192
8.43,10.192
8.435,10.192
8.44,10.192
8.445,10.1919
8.45,10.1919
8.455,10.1919
8.46,10.1919
8.465,10.1918
8.47,10.1918
8.475,10.1918
8.48,10.1918
8.485,10.1918
8.49,10.1917
8.495,10.1917
8.5,10.1917
8.505,10.1917
8.51,10.1917
8.515,10.1917
8.52,10.1916
8.525,10.1916
8.53,10.1916
8.535,10.1916
8.54,10.1916
8.545,10.1915
8.55,10.1915
8.555,10.1915
8.56,10.1915
8.565,10.1915
8.57,10.1915
8.575,10.1914
8.58,10.1914
8.585,10.1914
8.59,10.1914
8.595,10.1913
8.6,10.1913
8.605,10.1913
8.61,10.1913
8.615,10.1913
8.62,10.1912
8.625,10.1912
8.63,10.1912
8.635,10.1912
8.64,10.1911
8.645,10.1911
8.65,10.1911
8.655,10.191
8.66,10.191
8.665,10.191
8.67,10.191
8.675,10.1909
8.68,10.1909
8.685,10.1908
8.69,10.1908
8.695,10.1908
8.7,10.1907
8.705,10.1907
8.71,10.1907
8.715,10.1906
8.72,10.1906
8.725,10.1905
8.73,10.1905
8.735,10.1905
8.74,10.1904
8.745,10.1904
8.75,10.1903
8.755,10.1903
8.76,10.1902
8.765,10.1902
8.77,10.1901
8.775,10.1901
8.78,10.19
8.785,10.19
8.79,10.1899
8.795,10.1899
8.8,10.1898
8.805,10.1898
8.81,10.1897
8.815,10.1897
8.82,10.1896
8.825,10.1895
8.83,10.1895
8.835,10.1894
8.84,10.1894
8.845,10.1893
8.85,10.1893
8.855,10.1892
8.86,10.1892
8.865,10.1891
8.87,10.189
8.875,10.189
8.88,10.1889
8.885,10.1889
8.89,10.1888
8.895,10.1887
8.9,10.1887
8.905,10.1886
8.91,10.1886
8.915,10.1885
8.92,10.1885
8.925,10.1884
8.93,10.1883
8.935,10.1883
8.94,10.1882
8.945,10.1882
8.95,10.1881
8.955,10.1881
8.96,10.188
8.965,10.1879
8.97,10.1879
8.975,10.1878
8.98,10.1878
8.985,10.1877
8.99,10.1877
8.995,10.1876
9,10.1875
9.005,10.1875
9.01,10.1874
9.015,10.1874
9.02,10.1873
9.025,10.1873
9.03,10.1872
9.035,10.1872
9.04,10.1871
9.045,10.187
9.05,10.187
9.055,10.1869
9.06,10.1869
9.065,10.1868
9.07,10.1868
9.075,10.1867
9.08,10.1867
9.085,10.1866
9.09,10.1866
9.095,10.1865
9.1,10.1865
9.105,10.1864
9.11,10.1863
9.115,10.1863
9.12,10.1862
9.125,10.1862
9.13,10.1861
9.135,10.1861
9.14,10.186
9.145,10.186
9.15,10.1859
9.155,10.1859
9.16,10.1858
9.165,10.1858
9.17,10.1857
9.175,10.1857
9.18,10.1856
9.185,10.1856
9.19,10.1855
9.195,10.1855
9.2,10.1854
9.205,10.1854
9.21,10.1853
9.215,10.1853
9.22,10.1852
9.225,10.1852
9.23,10.1851
9.235,10.1851
9.24,10.185
9.245,10.185
9.25,10.1849
9.255,10.1849
9.26,10.1848
9.265,10.1848
9.27,10.1847
9.275,10.1847
9.28,10.1846
9.285,10.1846
9.29,10.1845
9.295,10.1845
9.3,10.1844
9.305,10.1844
9.31,10.1844
9.315,10.1843
9.32,10.1843
9.325,10.1842
9.33,10.1842
9.335,10.1841
9.34,10.1841
9.345,10.184
9.35,10.184
9.355,10.184
9.36,10.1839
9.365,10.1839
9.37,10.1838
9.375,10.1838
9.38,10.1837
9.385,10.1837
9.39,10.1837
9.395,10.1836
9.4,10.1836
9.405,10.1835
9.41,10.1835
9.415,10.1835
9.42,10.1834
9.425,10.1834
9.43,10.1833
9.435,10.1833
9.44,10.1832
9.445,10.1832
9.45,10.1832
9.455,10.1831
9.46,10.1831
9.465,10.183
9.47,10.183
9.475,10.183
9.48,10.1829
9.485,10.1829
9.49,10.1828
9.495,10.1828
9.5,10.1828
9.505,10.1827
9.51,10.1827
9.515,10.1826
9.52,10.1826
9.525,10.1825
9.53,10.1825
9.535,10.1825
9.54,10.1824
9.545,10.1824
9.55,10.1823
9.555,10.1823
9.56,10.1822
9.565,10.1822
9.57,10.1821
9.575,10.1821
9.58,10.1821
9.585,10.182
9.59,10.182
9.595,10.1819
9.6,10.1819
9.605,10.1818
9.61,10.1818
9.615,10.1817
9.62,10.1817
9.625,10.1816
9.63,10.1816
9.635,10.1815
9.64,10.1815
9.645,10.1814
9.65,10.1814
9.655,10.1813
9.66,10.1812
9.665,10.1812
9.67,10.1811
9.675,10.1811
9.68,10.181
9.685,10.181
9.69,10.1809
9.695,10.1808
9.7,10.1808
9.705,10.1807
9.71,10.1807
9.715,10.1806
9.72,10.1805
9.725,10.1805
9.73,10.1804
9.735,10.1804
9.74,10.1803
9.745,10.1802
9.75,10.1802
9.755,10.1801
9.76,10.18
9.765,10.18
9.77,10.1799
9.775,10.1798
9.78,10.1798
9.785,10.1797
9.79,10.1796
9.795,10.1796
9.8,10.1795
9.805,10.1794
9.81,10.1794
9.815,10.1793
9.82,10.1792
9.825,10.1792
9.83,10.1791
9.835,10.179
9.84,10.1789
9.845,10.1789
9.85,10.1788
9.855,10.1787
9.86,10.1787
9.865,10.1786
9.87,10.1785
9.875,10.1785
9.88,10.1784
9.885,10.1784
9.89,10.1783
9.895,10.1782
9.9,10.1782
9.905,10.1781
9.91,10.178
9.915,10.178
9.92,10.1779
9.925,10.1779
9.93,10.1778
9.935,10.1777
9.94,10.1777
9.945,10.1776
9.95,10.1776
9.955,10.1775
9.96,10.1774
9.965,10.1774
9.97,10.1773
9.975,10.1773
9.98,10.1772
9.985,10.1772
9.99,10.1771
9.995,10.1771
10,10.177
10.005,10.177
10.01,10.1769
10.015,10.1769
10.02,10.1768
10.025,10.1768
10.03,10.1767
10.035,10.1767
10.04,10.1766
10.045,10.1766
10.05,10.1765
10.055,10.1765
10.06,10.1765
10.065,10.1764
10.07,10.1764
10.075,10.1764
10.08,10.1763
10.085,10.1763
10.09,10.1763
10.095,10.1763
10.1,10.1763
10.105,10.1763
10.11,10.1764
10.115,10.1764
10.12,10.1765
10.125,10.1766
10.13,10.1767
10.135,10.1768
10.14,10.1769
10.145,10.1771
10.15,10.1773
10.155,10.1775
10.16,10.1777
10.165,10.178
10.17,10.1783
10.175,10.1787
10.18,10.179
10.185,10.1795
10.19,10.1799
10.195,10.1804
10.2,10.181
10.205,10.1816
10.21,10.1822
10.215,10.1829
10.22,10.1837
10.225,10.1845
10.23,10.1854
10.235,10.1863
10.24,10.1873
10.245,10.1884
10.25,10.1895
10.255,10.1907
10.26,10.192
10.265,10.1933
10.27,10.1948
10.275,10.1963
10.28,10.1978
10.285,10.1995
10.29,10.2012
10.295,10.203
10.3,10.205
10.305,10.207
10.31,10.209
10.315,10.2112
10.32,10.2135
10.325,10.2159
10.33,10.2183
10.335,10.2209
10.34,10.2235
10.345,10.2263
10.35,10.2291
10.355,10.2321
10.36,10.2351
10.365,10.2383
10.37,10.2415
10.375,10.2449
10.38,10.2484
10.385,10.2519
10.39,10.2556
10.395,10.2594
10.4,10.2632
10.405,10.2672
10.41,10.2713
10.415,10.2755
10.42,10.2798
10.425,10.2842
10.43,10.2887
10.435,10.2934
10.44,10.2981
10.445,10.3029
10.45,10.3079
10.455,10.3129
10.46,10.3181
10.465,10.3234
10.47,10.3287
10.475,10.3342
10.48,10.3398
10.485,10.3455
10.49,10.3513
10.495,10.3572
10.5,10.3632
10.505,10.3693
10.51,10.3755
10.515,10.3818
10.52,10.3882
10.525,10.3947
10.53,10.4013
10.535,10.4081
10.54,10.4149
10.545,10.4218
10.55,10.4288
10.555,10.4359
10.56,10.4431
10.565,10.4504
10.57,10.4578
10.575,10.4653
10.58,10.4729
10.585,10.4806
10.59,10.4884
10.595,10.4963
10.6,10.5042
10.605,10.5123
10.61,10.5205
10.615,10.5287
10.62,10.5371
10.625,10.5455
10.63,10.554
10.635,10.5627
10.64,10.5714
10.645,10.5802
10.65,10.5891
10.655,10.5981
10.66,10.6072
10.665,10.6164
10.67,10.6257
10.675,10.6351
10.68,10.6445
10.685,10.6541
10.69,10.6638
10.695,10.6735
10.7,10.6834
10.705,10.6933
10.71,10.7033
10.715,10.7135
10.72,10.7237
10.725,10.734
10.73,10.7445
10.735,10.755
10.74,10.7656
10.745,10.7763
10.75,10.7872
10.755,10.7981
10.76,10.8091
10.765,10.8202
10.77,10.8314
10.775,10.8428
10.78,10.8542
10.785,10.8657
10.79,10.8773
10.795,10.8891
10.8,10.9009
10.805,10.9128
10.81,10.9248
10.815,10.937
10.82,10.9492
10.825,10.9615
10.83,10.974
10.835,10.9865
10.84,10.9991
10.845,11.0119
10.85,11.0247
10.855,11.0377
10.86,11.0508
10.865,11.0639
10.87,11.0772
10.875,11.0905
10.88,11.104
10.885,11.1176
10.89,11.1313
10.895,11.1451
10.9,11.159
10.905,11.1729
10.91,11.187
10.915,11.2013
10.92,11.2156
10.925,11.23
10.93,11.2445
10.935,11.2591
10.94,11.2738
10.945,11.2887
10.95,11.3036
10.955,11.3186
10.96,11.3338
10.965,11.349
10.97,11.3643
10.975,11.3798
10.98,11.3953
10.985,11.411
10.99,11.4268
10.995,11.4426
11,11.4586
11.005,11.4746
11.01,11.4908
11.015,11.5071
11.02,11.5234
11.025,11.5399
11.03,11.5565
11.035,11.5732
11.04,11.5899
11.045,11.6068
11.05,11.6238
11.055,11.6409
11.06,11.6581
11.065,11.6754
11.07,11.6928
11.075,11.7103
11.08,11.7278
11.085,11.7455
11.09,11.7633
11.095,11.7812
11.1,11.7992
11.105,11.8173
11.11,11.8355
11.115,11.8538
11.12,11.8722
11.125,11.8907
11.13,11.9092
11.135,11.9279
11.14,11.9467
11.145,11.9656
11.15,11.9846
11.155,12.0036
11.16,12.0228
11.165,12.0421
11.17,12.0615
11.175,12.0809
11.18,12.1005
11.185,12.1202
11.19,12.1399
11.195,12.1598
11.2,12.1797
11.205,12.1998
11.21,12.22
11.215,12.2402
11.22,12.2606
11.225,12.281
11.23,12.3016
11.235,12.3222
11.24,12.343
11.245,12.3638
11.25,12.3847
11.255,12.4058
11.26,12.4269
11.265,12.4482
11.27,12.4695
11.275,12.4909
11.28,12.5125
11.285,12.5341
11.29,12.5559
11.295,12.5777
11.3,12.5996
11.305,12.6217
11.31,12.6438
11.315,12.666
11.32,12.6883
11.325,12.7108
11.33,12.7333
11.335,12.7559
11.34,12.7786
11.345,12.8015
11.35,12.8244
11.355,12.8474
11.36,12.8705
11.365,12.8937
11.37,12.917
11.375,12.9404
11.38,12.9639
11.385,12.9876
11.39,13.0113
11.395,13.0351
11.4,13.059
11.405,13.083
11.41,13.1071
11.415,13.1313
11.42,13.1556
11.425,13.1799
11.43,13.2044
11.435,13.229
11.44,13.2537
11.445,13.2785
11.45,13.3034
11.455,13.3284
11.46,13.3534
11.465,13.3786
11.47,13.4039
11.475,13.4293
11.48,13.4547
11.485,13.4803
11.49,13.506
11.495,13.5317
11.5,13.5576
11.505,13.5835
11.51,13.6096
11.515,13.6357
11.52,13.662
11.525,13.6883
11.53,13.7148
11.535,13.7413
11.54,13.7679
11.545,13.7947
11.55,13.8215
11.555,13.8484
11.56,13.8755
11.565,13.9026
11.57,13.9298
11.575,13.9571
11.58,13.9845
11.585,14.012
11.59,14.0397
11.595,14.0674
11.6,14.0952
11.605,14.1231
11.61,14.151
11.615,14.1791
11.62,14.2073
11.625,14.2356
11.63,14.264
11.635,14.2925
11.64,14.321
11.645,14.3497
11.65,14.3785
11.655,14.4073
11.66,14.4363
11.665,14.4653
11.67,14.4945
11.675,14.5237
11.68,14.553
11.685,14.5825
11.69,14.612
11.695,14.6416
11.7,14.6713
11.705,14.7011
11.71,14.731
11.715,14.761
11.72,14.7911
11.725,14.8213
11.73,14.8516
11.735,14.882
11.74,14.9124
11.745,14.943
11.75,14.9737
11.755,15.0044
11.76,15.0353
11.765,15.0662
11.77,15.0972
11.775,15.1283
11.78,15.1596
11.785,15.1909
11.79,15.2223
11.795,15.2538
11.8,15.2853
11.805,15.317
11.81,15.3488
11.815,15.3807
11.82,15.4126
11.825,15.4447
11.83,15.4768
11.835,15.509
11.84,15.5414
11.845,15.5738
11.85,15.6063
11.855,15.6389
11.86,15.6716
11.865,15.7044
11.87,15.7373
11.875,15.7702
11.88,15.8033
11.885,15.8365
11.89,15.8697
11.895,15.903
11.9,15.9365
11.905,15.97
11.91,16.0036
11.915,16.0373
11.92,16.0711
11.925,16.105
11.93,16.139
11.935,16.1731
11.94,16.2073
11.945,16.2415
11.95,16.2759
11.955,16.3103
11.96,16.3448
11.965,16.3795
11.97,16.4142
11.975,16.449
11.98,16.4839
11.985,16.5189
11.99,16.5539
11.995,16.5891
12,16.6244
12.005,16.6597
12.01,16.6951
12.015,16.7306
12.02,16.7663
12.025,16.802
12.03,16.8377
12.035,16.8736
12.04,16.9096
12.045,16.9456
12.05,16.9818
12.055,17.018
12.06,17.0543
12.065,17.0907
12.07,17.1272
12.075,17.1637
12.08,17.2004
12.085,17.2371
12.09,17.2739
12.095,17.3109
12.1,17.3479
12.105,17.3849
12.11,17.4221
12.115,17.4593
12.12,17.4967
12.125,17.5341
12.13,17.5716
12.135,17.6091
12.14,17.6468
12.145,17.6845
12.15,17.7223
12.155,17.7602
12.16,17.7982
12.165,17.8362
12.17,17.8744
12.175,17.9126
12.18,17.9509
12.185,17.9892
12.19,18.0277
12.195,18.0662
12.2,18.1048
12.205,18.1434
12.21,18.1822
12.215,18.221
12.22,18.2599
12.225,18.2988
12.23,18.3379
12.235,18.377
12.24,18.4161
12.245,18.4554
12.25,18.4947
12.255,18.5341
12.26,18.5735
12.265,18.613
12.27,18.6526
12.275,18.6923
12.28,18.732
12.285,18.7718
12.29,18.8117
12.295,18.8516
12.3,18.8916
12.305,18.9316
12.31,18.9717
12.315,19.0119
12.32,19.0521
12.325,19.0924
12.33,19.1328
12.335,19.1732
12.34,19.2137
12.345,19.2542
12.35,19.2948
12.355,19.3355
12.36,19.3762
12.365,19.417
12.37,19.4578
12.375,19.4987
12.38,19.5397
12.385,19.5807
12.39,19.6217
12.395,19.6628
12.4,19.704
12.405,19.7452
12.41,19.7865
12.415,19.8278
12.42,19.8692
12.425,19.9106
12.43,19.9521
12.435,19.9936
12.44,20.0352
12.445,20.0769
12.45,20.1185
12.455,20.1603
12.46,20.202
12.465,20.2439
12.47,20.2857
12.475,20.3277
12.48,20.3696
12.485,20.4117
12.49,20.4537
12.495,20.4958
12.5,20.538
12.505,20.5802
12.51,20.6224
12.515,20.6647
12.52,20.707
12.525,20.7494
12.53,20.7918
12.535,20.8343
12.54,20.8768
12.545,20.9193
12.55,20.9619
12.555,21.0046
12.56,21.0472
12.565,21.0899
12.57,21.1327
12.575,21.1755
12.58,21.2183
12.585,21.2612
12.59,21.3041
12.595,21.347
12.6,21.39
12.605,21.4331
12.61,21.4761
12.615,21.5192
12.62,21.5624
12.625,21.6055
12.63,21.6487
12.635,21.692
12.64,21.7353
12.645,21.7786
12.65,21.822
12.655,21.8654
12.66,21.9088
12.665,21.9522
12.67,21.9957
12.675,22.0393
12.68,22.0828
12.685,22.1264
12.69,22.1701
12.695,22.2137
12.7,22.2574
12.705,22.3012
12.71,22.3449
12.715,22.3887
12.72,22.4326
12.725,22.4764
12.73,22.5203
12.735,22.5642
12.74,22.6082
12.745,22.6522
12.75,22.6962
12.755,22.7402
12.76,22.7843
12.765,22.8284
12.77,22.8725
12.775,22.9167
12.78,22.9608
12.785,23.0051
12.79,23.0493
12.795,23.0936
12.8,23.1379
12.805,23.1822
12.81,23.2265
12.815,23.2709
12.82,23.3153
12.825,23.3597
12.83,23.4042
12.835,23.4486
12.84,23.4931
12.845,23.5377
12.85,23.5822
12.855,23.6268
12.86,23.6714
12.865,23.716
12.87,23.7607
12.875,23.8053
12.88,23.85
12.885,23.8948
12.89,23.9395
12.895,23.9843
12.9,24.029
12.905,24.0738
12.91,24.1187
12.915,24.1635
12.92,24.2084
12.925,24.2533
12.93,24.2982
12.935,24.3432
12.94,24.3881
12.945,24.4331
12.95,24.4781
12.955,24.5231
12.96,24.5682
12.965,24.6132
12.97,24.6583
12.975,24.7034
12.98,24.7485
12.985,24.7937
12.99,24.8388
12.995,24.884
13,24.9292
13.005,24.9744
13.01,25.0196
13.015,25.0649
13.02,25.1102
13.025,25.1554
13.03,25.2007
13.035,25.2461
13.04,25.2914
13.045,25.3368
13.05,25.3822
13.055,25.4275
13.06,25.473
13.065,25.5184
13.07,25.5638
13.075,25.6093
13.08,25.6548
13.085,25.7003
13.09,25.7458
13.095,25.7913
13.1,25.8369
13.105,25.8824
13.11,25.928
13.115,25.9736
13.12,26.0192
13.125,26.0648
13.13,26.1105
13.135,26.1561
13.14,26.2018
13.145,26.2475
13.15,26.2932
13.155,26.3389
13.16,26.3846
13.165,26.4304
13.17,26.4761
13.175,26.5219
13.18,26.5677
13.185,26.6135
13.19,26.6593
13.195,26.7051
13.2,26.751
13.205,26.7968
13.21,26.8427
13.215,26.8886
13.22,26.9344
13.225,26.9804
13.23,27.0263
13.235,27.0722
13.24,27.1182
13.245,27.1641
13.25,27.2101
13.255,27.2561
13.26,27.3021
13.265,27.3481
13.27,27.3941
13.275,27.4401
13.28,27.4861
13.285,27.5322
13.29,27.5783
13.295,27.6243
13.3,27.6704
13.305,27.7165
13.31,27.7626
13.315,27.8088
13.32,27.8549
13.325,27.901
13.33,27.9472
13.335,27.9933
13.34,28.0395
13.345,28.0857
13.35,28.1319
13.355,28.1781
13.36,28.2243
13.365,28.2705
13.37,28.3167
13.375,28.363
13.38,28.4092
13.385,28.4555
13.39,28.5018
13.395,28.548
13.4,28.5943
13.405,28.6406
13.41,28.6869
13.415,28.7332
13.42,28.7795
13.425,28.8259
13.43,28.8722
13.435,28.9185
13.44,28.9649
13.445,29.0112
13.45,29.0576
13.455,29.104
13.46,29.1504
13.465,29.1967
13.47,29.2431
13.475,29.2895
13.48,29.336
13.485,29.3824
13.49,29.4288
13.495,29.4752
13.5,29.5217
13.505,29.5681
13.51,29.6146
13.515,29.661
13.52,29.7075
13.525,29.754
13.53,29.8005
13.535,29.8469
13.54,29.8934
13.545,29.9399
13.55,29.9864
13.555,30.0329
13.56,30.0795
13.565,30.126
13.57,30.1725
13.575,30.2191
13.58,30.2656
13.585,30.3122
13.59,30.3587
13.595,30.4053
13.6,30.4518
13.605,30.4984
13.61,30.545
13.615,30.5916
13.62,30.6382
13.625,30.6848
13.63,30.7314
13.635,30.778
13.64,30.8246
13.645,30.8712
13.65,30.9178
13.655,30.9644
13.66,31.0111
13.665,31.0577
13.67,31.1043
13.675,31.151
13.68,31.1976
13.685,31.2443
13.69,31.291
13.695,31.3376
13.7,31.3843
13.705,31.431
13.71,31.4777
13.715,31.5244
13.72,31.5711
13.725,31.6178
13.73,31.6645
13.735,31.7112
13.74,31.7579
13.745,31.8046
13.75,31.8513
13.755,31.898
13.76,31.9448
13.765,31.9915
13.77,32.0383
13.775,32.085
13.78,32.1318
13.785,32.1785
13.79,32.2253
13.795,32.272
13.8,32.3188
13.805,32.3656
13.81,32.4124
13.815,32.4591
13.82,32.5059
13.825,32.5527
13.83,32.5995
13.835,32.6463
13.84,32.6931
13.845,32.7399
13.85,32.7868
13.855,32.8336
13.86,32.8804
13.865,32.9272
13.87,32.9741
13.875,33.0209
13.88,33.0677
13.885,33.1146
13.89,33.1614
13.895,33.2083
13.9,33.2551
13.905,33.302
13.91,33.3489
13.915,33.3957
13.92,33.4426
13.925,33.4895
13.93,33.5364
13.935,33.5833
13.94,33.6301
13.945,33.677
13.95,33.7239
13.955,33.7708
13.96,33.8177
13.965,33.8646
13.97,33.9116
13.975,33.9585
13.98,34.0054
13.985,34.0523
13.99,34.0992
13.995,34.1462
14,34.1931
14.005,34.2401
14.01,34.287
14.015,34.3339
14.02,34.3809
14.025,34.4278
14.03,34.4748
14.035,34.5218
14.04,34.5687
14.045,34.6157
14.05,34.6627
14.055,34.7096
14.06,34.7566
14.065,34.8036
14.07,34.8506
14.075,34.8975
14.08,34.9445
14.085,34.9915
14.09,35.0385
14.095,35.0855
14.1,35.1325
14.105,35.1795
14.11,35.2265
14.115,35.2735
14.12,35.3206
14.125,35.3676
14.13,35.4146
14.135,35.4616
14.14,35.5086
14.145,35.5557
14.15,35.6027
14.155,35.6497
14.16,35.6968
14.165,35.7438
14.17,35.7908
14.175,35.8379
14.18,35.8849
14.185,35.932
14.19,35.979
14.195,36.0261
14.2,36.0731
14.205,36.1202
14.21,36.1673
14.215,36.2143
14.22,36.2614
14.225,36.3085
14.23,36.3555
14.235,36.4026
14.24,36.4497
14.245,36.4968
14.25,36.5438
14.255,36.5909
14.26,36.638
14.265,36.6851
14.27,36.7322
14.275,36.7793
14.28,36.8264
14.285,36.8734
14.29,36.9205
14.295,36.9676
14.3,37.0147
14.305,37.0618
14.31,37.1089
14.315,37.1561
14.32,37.2032
14.325,37.2503
14.33,37.2974
14.335,37.3445
14.34,37.3916
14.345,37.4387
14.35,37.4858
14.355,37.533
14.36,37.5801
14.365,37.6272
14.37,37.6743
14.375,37.7215
14.38,37.7686
14.385,37.8157
14.39,37.8628
14.395,37.91
14.4,37.9571
14.405,38.0042
14.41,38.0514
14.415,38.0985
14.42,38.1457
14.425,38.1928
14.43,38.24
14.435,38.2871
14.44,38.3342
14.445,38.3814
14.45,38.4285
14.455,38.4757
14.46,38.5228
14.465,38.57
14.47,38.6172
14.475,38.6643
14.48,38.7115
14.485,38.7586
14.49,38.8058
14.495,38.853
14.5,38.9001
14.505,38.9473
14.51,38.9945
14.515,39.0416
14.52,39.0888
14.525,39.136
14.53,39.1831
14.535,39.2303
14.54,39.2775
14.545,39.3247
14.55,39.3718
14.555,39.419
14.56,39.4662
14.565,39.5134
14.57,39.5606
14.575,39.6078
14.58,39.6549
14.585,39.7021
14.59,39.7493
14.595,39.7965
14.6,39.8437
14.605,39.8909
14.61,39.9381
14.615,39.9853
14.62,40.0325
14.625,40.0797
14.63,40.1269
14.635,40.1741
14.64,40.2213
14.645,40.2685
14.65,40.3157
14.655,40.3629
14.66,40.4101
14.665,40.4573
14.67,40.5045
14.675,40.5518
14.68,40.599
14.685,40.6462
14.69,40.6934
14.695,40.7406
14.7,40.7879
14.705,40.8351
14.71,40.8823
14.715,40.9295
14.72,40.9768
14.725,41.024
14.73,41.0712
14.735,41.1185
14.74,41.1657
14.745,41.213
14.75,41.2602
14.755,41.3074
14.76,41.3547
14.765,41.4019
14.77,41.4492
14.775,41.4964
14.78,41.5437
14.785,41.5909
14.79,41.6382
14.795,41.6854
14.8,41.7327
14.805,41.78
14.81,41.8272
14.815,41.8745
14.82,41.9217
14.825,41.969
14.83,42.0163
14.835,42.0635
14.84,42.1108
14.845,42.1581
14.85,42.2054
14.855,42.2526
14.86,42.2999
14.865,42.3472
14.87,42.3945
14.875,42.4417
14.88,42.489
14.885,42.5363
14.89,42.5836
14.895,42.6309
14.9,42.6781
14.905,42.7254
14.91,42.7727
14.915,42.82
14.92,42.8673
14.925,42.9146
14.93,42.9619
14.935,43.0092
14.94,43.0565
14.945,43.1037
14.95,43.151
14.955,43.1983
14.96,43.2456
14.965,43.2929
14.97,43.3402
14.975,43.3875
14.98,43.4348
14.985,43.4822
14.99,43.5295
14.995,43.5768
15,43.6241
15.005,43.6714
15.01,43.7187
15.015,43.766
15.02,43.8133
15.025,43.8606
15.03,43.908
15.035,43.9553
15.04,44.0026
15.045,44.0499
15.05,44.0972
15.055,44.1446
15.06,44.1919
15.065,44.2392
15.07,44.2865
15.075,44.3339
15.08,44.3812
15.085,44.4285
15.09,44.4759
15.095,44.5232
15.1,44.5705
15.105,44.6179
15.11,44.6652
15.115,44.7126
15.12,44.7599
15.125,44.8072
15.13,44.8546
15.135,44.9019
15.14,44.9493
15.145,44.9966
15.15,45.044
15.155,45.0913
15.16,45.1387
15.165,45.186
15.17,45.2334
15.175,45.2808
15.18,45.3281
15.185,45.3755
15.19,45.4228
15.195,45.4702
15.2,45.5176
15.205,45.5649
15.21,45.6123
15.215,45.6597
15.22,45.7071
15.225,45.7544
15.23,45.8018
15.235,45.8492
15.24,45.8966
15.245,45.9439
15.25,45.9913
15.255,46.0387
15.26,46.0861
15.265,46.1335
15.27,46.1809
15.275,46.2282
15.28,46.2756
15.285,46.323
15.29,46.3704
15.295,46.4178
15.3,46.4652
15.305,46.5126
15.31,46.56
15.315,46.6074
15.32,46.6548
15.325,46.7022
15.33,46.7496
15.335,46.797
15.34,46.8444
15.345,46.8918
15.35,46.9392
15.355,46.9866
15.36,47.034
15.365,47.0814
15.37,47.1288
15.375,47.1763
15.38,47.2237
15.385,47.2711
15.39,47.3185
15.395,47.3659
15.4,47.4133
15.405,47.4607
15.41,47.5082
15.415,47.5556
15.42,47.603
15.425,47.6504
15.43,47.6978
15.435,47.7453
15.44,47.7927
15.445,47.8401
15.45,47.8875
15.455,47.935
15.46,47.9824
15.465,48.0298
15.47,48.0772
15.475,48.1247
15.48,48.1721
15.485,48.2195
15.49,48.267
15.495,48.3144
15.5,48.3618
15.505,48.4093
15.51,48.4567
15.515,48.5041
15.52,48.5516
15.525,48.599
15.53,48.6464
15.535,48.6939
15.54,48.7413
15.545,48.7888
15.55,48.8362
15.555,48.8836
15.56,48.9311
15.565,48.9785
15.57,49.026
15.575,49.0734
15.58,49.1209
15.585,49.1683
15.59,49.2157
15.595,49.2632
15.6,49.3106
15.605,49.3581
15.61,49.4055
15.615,49.453
15.62,49.5004
15.625,49.5479
15.63,49.5954
15.635,49.6428
15.64,49.6903
15.645,49.7377
15.65,49.7852
15.655,49.8326
15.66,49.8801
15.665,49.9276
15.67,49.975
15.675,50.0225
15.68,50.07
15.685,50.1174
15.69,50.1649
15.695,50.2124
15.7,50.2598
15.705,50.3073
15.71,50.3548
15.715,50.4022
15.72,50.4497
15.725,50.4972
15.73,50.5447
15.735,50.5922
15.74,50.6396
15.745,50.6871
15.75,50.7346
15.755,50.7821
15.76,50.8296
15.765,50.8771
15.77,50.9245
15.775,50.972
15.78,51.0195
15.785,51.067
15.79,51.1145
15.795,51.162
15.8,51.2095
15.805,51.257
15.81,51.3045
15.815,51.352
15.82,51.3995
15.825,51.447
15.83,51.4945
15.835,51.542
15.84,51.5895
15.845,51.637
15.85,51.6845
15.855,51.732
15.86,51.7795
15.865,51.827
15.87,51.8745
15.875,51.922
15.88,51.9695
15.885,52.017
15.89,52.0646
15.895,52.1121
15.9,52.1596
15.905,52.2071
15.91,52.2546
15.915,52.3021
15.92,52.3497
15.925,52.3972
15.93,52.4447
15.935,52.4922
15.94,52.5398
15.945,52.5873
15.95,52.6348
15.955,52.6823
15.96,52.7299
15.965,52.7774
15.97,52.8249
15.975,52.8725
15.98,52.92
15.985,52.9675
15.99,53.0151
15.995,53.0626
16,53.1101
16.005,53.1577
16.01,53.2052
16.015,53.2528
16.02,53.3003
16.025,53.3478
16.03,53.3954
16.035,53.4429
16.04,53.4905
16.045,53.538
16.05,53.5856
16.055,53.6331
16.06,53.6807
16.065,53.7282
16.07,53.7758
16.075,53.8233
16.08,53.8709
16.085,53.9184
16.09,53.966
16.095,54.0136
16.1,54.0611
16.105,54.1087
16.11,54.1562
16.115,54.2038
16.12,54.2514
16.125,54.2989
16.13,54.3465
16.135,54.394
16.14,54.4416
16.145,54.4892
16.15,54.5368
16.155,54.5843
16.16,54.6319
16.165,54.6795
16.17,54.727
16.175,54.7746
16.18,54.8222
16.185,54.8698
16.19,54.9173
16.195,54.9649
16.2,55.0125
16.205,55.0601
16.21,55.1077
16.215,55.1552
16.22,55.2028
16.225,55.2504
16.23,55.298
16.235,55.3456
16.24,55.3932
16.245,55.4408
16.25,55.4883
16.255,55.5359
16.26,55.5835
16.265,55.6311
16.27,55.6787
16.275,55.7263
16.28,55.7739
16.285,55.8215
16.29,55.8691
16.295,55.9167
16.3,55.9643
16.305,56.0119
16.31,56.0595
16.315,56.1071
16.32,56.1547
16.325,56.2023
16.33,56.2499
16.335,56.2975
16.34,56.3451
16.345,56.3927
16.35,56.4403
16.355,56.4879
16.36,56.5355
16.365,56.5831
16.37,56.6307
16.375,56.6783
16.38,56.7259
16.385,56.7735
16.39,56.8211
16.395,56.8687
16.4,56.9163
16.405,56.9639
16.41,57.0115
16.415,57.0592
16.42,57.1068
16.425,57.1544
16.43,57.202
16.435,57.2496
16.44,57.2972
16.445,57.3448
16.45,57.3924
16.455,57.44
16.46,57.4877
16.465,57.5353
16.47,57.5829
16.475,57.6305
16.48,57.6781
16.485,57.7257
16.49,57.7733
16.495,57.821
16.5,57.8686
16.505,57.9162
16.51,57.9638
16.515,58.0114
16.52,58.059
16.525,58.1066
16.53,58.1543
16.535,58.2019
16.54,58.2495
16.545,58.2971
16.55,58.3447
16.555,58.3924
16.56,58.44
16.565,58.4876
16.57,58.5352
16.575,58.5828
16.58,58.6305
16.585,58.6781
16.59,58.7257
16.595,58.7733
16.6,58.821
16.605,58.8686
16.61,58.9162
16.615,58.9638
16.62,59.0115
16.625,59.0591
16.63,59.1067
16.635,59.1543
16.64,59.202
16.645,59.2496
16.65,59.2972
16.655,59.3449
16.66,59.3925
16.665,59.4401
16.67,59.4878
16.675,59.5354
16.68,59.583
16.685,59.6307
16.69,59.6783
16.695,59.726
16.7,59.7736
16.705,59.8212
16.71,59.8689
16.715,59.9165
16.72,59.9642
16.725,60.0118
16.73,60.0595
16.735,60.1071
16.74,60.1548
16.745,60.2024
16.75,60.2501
16.755,60.2977
16.76,60.3454
16.765,60.393
16.77,60.4407
16.775,60.4883
16.78,60.536
16.785,60.5836
16.79,60.6313
16.795,60.6789
16.8,60.7266
16.805,60.7742
16.81,60.8219
16.815,60.8696
16.82,60.9172
16.825,60.9649
16.83,61.0125
16.835,61.0602
16.84,61.1079
16.845,61.1555
16.85,61.2032
16.855,61.2509
16.86,61.2985
16.865,61.3462
16.87,61.3939
16.875,61.4415
16.88,61.4892
16.885,61.5369
16.89,61.5846
16.895,61.6322
16.9,61.6799
16.905,61.7276
16.91,61.7752
16.915,61.8229
16.92,61.8706
16.925,61.9183
16.93,61.9659
16.935,62.0136
16.94,62.0613
16.945,62.109
16.95,62.1567
16.955,62.2043
16.96,62.252
16.965,62.2997
16.97,62.3474
16.975,62.395
16.98,62.4427
16.985,62.4904
16.99,62.5381
16.995,62.5858
17,62.6334
17.005,62.6811
17.01,62.7288
17.015,62.7765
17.02,62.8242
17.025,62.8718
17.03,62.9195
17.035,62.9672
17.04,63.0149
17.045,63.0626
17.05,63.1102
17.055,63.1579
17.06,63.2056
17.065,63.2533
17.07,63.301
17.075,63.3486
17.08,63.3963
17.085,63.444
17.09,63.4917
17.095,63.5394
17.1,63.587
17.105,63.6347
17.11,63.6824
17.115,63.7301
17.12,63.7778
17.125,63.8254
17.13,63.8731
17.135,63.9208
17.14,63.9685
17.145,64.0162
17.15,64.0638
17.155,64.1115
17.16,64.1592
17.165,64.2069
17.17,64.2546
17.175,64.3023
17.18,64.3499
17.185,64.3976
17.19,64.4453
17.195,64.493
17.2,64.5407
17.205,64.5884
17.21,64.636
17.215,64.6837
17.22,64.7314
17.225,64.7791
17.23,64.8268
17.235,64.8745
17.24,64.9222
17.245,64.9698
17.25,65.0175
17.255,65.0652
17.26,65.1129
17.265,65.1606
17.27,65.2083
17.275,65.256
17.28,65.3037
17.285,65.3513
17.29,65.399
17.295,65.4467
17.3,65.4944
17.305,65.5421
17.31,65.5898
17.315,65.6375
17.32,65.6852
17.325,65.7329
17.33,65.7806
17.335,65.8283
17.34,65.876
17.345,65.9237
17.35,65.9714
17.355,66.0191
17.36,66.0668
17.365,66.1145
17.37,66.1622
17.375,66.2099
17.38,66.2576
17.385,66.3053
17.39,66.353
17.395,66.4007
17.4,66.4484
17.405,66.4961
17.41,66.5439
17.415,66.5916
17.42,66.6393
17.425,66.687
17.43,66.7347
17.435,66.7824
17.44,66.8301
17.445,66.8779
17.45,66.9256
17.455,66.9733
17.46,67.021
17.465,67.0687
17.47,67.1164
17.475,67.1642
17.48,67.2119
17.485,67.2596
17.49,67.3073
17.495,67.3551
17.5,67.4028
17.505,67.4505
17.51,67.4982
17.515,67.5459
17.52,67.5937
17.525,67.6414
17.53,67.6891
17.535,67.7369
17.54,67.7846
17.545,67.8323
17.55,67.88
17.555,67.9278
17.56,67.9755
17.565,68.0232
17.57,68.0709
17.575,68.1187
17.58,68.1664
17.585,68.2141
17.59,68.2619
17.595,68.3096
17.6,68.3573
17.605,68.405
17.61,68.4528
17.615,68.5005
17.62,68.5482
17.625,68.5959
17.63,68.6437
17.635,68.6914
17.64,68.7391
17.645,68.7869
17.65,68.8346
17.655,68.8823
17.66,68.93
17.665,68.9778
17.67,69.0255
17.675,69.0732
17.68,69.1209
17.685,69.1687
17.69,69.2164
17.695,69.2641
17.7,69.3118
17.705,69.3595
17.71,69.4073
17.715,69.455
17.72,69.5027
17.725,69.5504
17.73,69.5981
17.735,69.6459
17.74,69.6936
17.745,69.7413
17.75,69.789
17.755,69.8368
17.76,69.8845
17.765,69.9322
17.77,69.9799
17.775,70.0276
17.78,70.0753
17.785,70.1231
17.79,70.1708
17.795,70.2185
17.8,70.2662
17.805,70.3139
17.81,70.3617
17.815,70.4094
17.82,70.4571
17.825,70.5048
17.83,70.5525
17.835,70.6002
17.84,70.648
17.845,70.6957
17.85,70.7434
17.855,70.7911
17.86,70.8388
17.865,70.8866
17.87,70.9343
17.875,70.982
17.88,71.0297
17.885,71.0774
17.89,71.1252
17.895,71.1729
17.9,71.2206
17.905,71.2683
17.91,71.3161
17.915,71.3638
17.92,71.4115
17.925,71.4592
17.93,71.507
17.935,71.5547
17.94,71.6024
17.945,71.6501
17.95,71.6979
17.955,71.7456
17.96,71.7933
17.965,71.841
17.97,71.8888
17.975,71.9365
17.98,71.9842
17.985,72.032
17.99,72.0797
17.995,72.1274
18,72.1752
18.005,72.2229
18.01,72.2707
18.015,72.3184
18.02,72.3661
18.025,72.4139
18.03,72.4616
18.035,72.5093
18.04,72.5571
18.045,72.6048
18.05,72.6526
18.055,72.7003
18.06,72.7481
18.065,72.7958
18.07,72.8436
18.075,72.8913
18.08,72.9391
18.085,72.9868
18.09,73.0346
18.095,73.0823
18.1,73.1301
18.105,73.1778
18.11,73.2256
18.115,73.2733
18.12,73.3211
18.125,73.3688
18.13,73.4166
18.135,73.4643
18.14,73.5121
18.145,73.5599
18.15,73.6076
18.155,73.6554
18.16,73.7031
18.165,73.7509
18.17,73.7987
18.175,73.8464
18.18,73.8942
18.185,73.942
18.19,73.9897
18.195,74.0375
18.2,74.0853
18.205,74.133
18.21,74.1808
18.215,74.2286
18.22,74.2763
18.225,74.3241
18.23,74.3719
18.235,74.4196
18.24,74.4674
18.245,74.5152
18.25,74.5629
18.255,74.6107
18.26,74.6585
18.265,74.7063
18.27,74.754
18.275,74.8018
18.28,74.8496
18.285,74.8973
18.29,74.9451
18.295,74.9929
18.3,75.0406
18.305,75.0884
18.31,75.1362
18.315,75.184
18.32,75.2317
18.325,75.2795
18.33,75.3273
18.335,75.375
18.34,75.4228
18.345,75.4706
18.35,75.5183
18.355,75.5661
18.36,75.6139
18.365,75.6616
18.37,75.7094
18.375,75.7572
18.38,75.8049
18.385,75.8527
18.39,75.9005
18.395,75.9482
18.4,75.996
18.405,76.0438
18.41,76.0915
18.415,76.1393
18.42,76.1871
18.425,76.2348
18.43,76.2826
18.435,76.3304
18.44,76.3781
18.445,76.4259
18.45,76.4737
18.455,76.5214
18.46,76.5692
18.465,76.6169
18.47,76.6647
18.475,76.7125
18.48,76.7602
18.485,76.808
18.49,76.8558
18.495,76.9035
18.5,76.9513
18.505,76.999
18.51,77.0468
18.515,77.0946
18.52,77.1423
18.525,77.1901
18.53,77.2379
18.535,77.2856
18.54,77.3334
18.545,77.3811
18.55,77.4289
18.555,77.4767
18.56,77.5244
18.565,77.5722
18.57,77.62
18.575,77.6677
18.58,77.7155
18.585,77.7633
18.59,77.811
18.595,77.8588
18.6,77.9065
18.605,77.9543
18.61,78.0021
18.615,78.0498
18.62,78.0976
18.625,78.1454
18.63,78.1931
18.635,78.2409
18.64,78.2887
18.645,78.3364
18.65,78.3842
18.655,78.432
18.66,78.4797
18.665,78.5275
18.67,78.5752
18.675,78.623
18.68,78.6708
18.685,78.7185
18.69,78.7663
18.695,78.8141
18.7,78.8618
18.705,78.9096
18.71,78.9574
18.715,79.0051
18.72,79.0529
18.725,79.1007
18.73,79.1485
18.735,79.1962
18.74,79.244
18.745,79.2918
18.75,79.3395
18.755,79.3873
18.76,79.4351
18.765,79.4828
18.77,79.5306
18.775,79.5784
18.78,79.6262
18.785,79.6739
18.79,79.7217
18.795,79.7695
18.8,79.8172
18.805,79.865
18.81,79.9128
18.815,79.9606
18.82,80.0083
18.825,80.0561
18.83,80.1039
18.835,80.1516
18.84,80.1994
18.845,80.2472
18.85,80.295
18.855,80.3427
18.86,80.3905
18.865,80.4383
18.87,80.4861
18.875,80.5338
18.88,80.5816
18.885,80.6294
18.89,80.6772
18.895,80.7249
18.9,80.7727
18.905,80.8205
18.91,80.8683
18.915,80.9161
18.92,80.9638
18.925,81.0116
18.93,81.0594
18.935,81.1072
18.94,81.1549
18.945,81.2027
18.95,81.2505
18.955,81.2983
18.96,81.346
18.965,81.3938
18.97,81.4416
18.975,81.4894
18.98,81.5372
18.985,81.5849
18.99,81.6327
18.995,81.6805
19,81.7283
19.005,81.776
19.01,81.8238
19.015,81.8716
19.02,81.9194
19.025,81.9671
19.03,82.0149
19.035,82.0627
19.04,82.1105
19.045,82.1582
19.05,82.206
19.055,82.2538
19.06,82.3015
19.065,82.3493
19.07,82.3971
19.075,82.4449
19.08,82.4926
19.085,82.5404
19.09,82.5882
19.095,82.636
19.1,82.6837
19.105,82.7315
19.11,82.7793
19.115,82.827
19.12,82.8748
19.125,82.9226
19.13,82.9703
19.135,83.0181
19.14,83.0659
19.145,83.1137
19.15,83.1614
19.155,83.2092
19.16,83.257
19.165,83.3047
19.17,83.3525
19.175,83.4003
19.18,83.448
19.185,83.4958
19.19,83.5436
19.195,83.5913
19.2,83.6391
19.205,83.6869
19.21,83.7346
19.215,83.7824
19.22,83.8302
19.225,83.8779
19.23,83.9257
19.235,83.9735
19.24,84.0212
19.245,84.069
19.25,84.1167
19.255,84.1645
19.26,84.2123
19.265,84.26
19.27,84.3078
19.275,84.3556
19.28,84.4033
19.285,84.4511
19.29,84.4989
19.295,84.5466
19.3,84.5944
19.305,84.6421
19.31,84.6899
19.315,84.7377
19.32,84.7854
19.325,84.8332
19.33,84.881
19.335,84.9287
19.34,84.9765
19.345,85.0242
19.35,85.072
19.355,85.1198
19.36,85.1675
19.365,85.2153
19.37,85.2631
19.375,85.3108
19.38,85.3586
19.385,85.4064
19.39,85.4541
19.395,85.5019
19.4,85.5496
19.405,85.5974
19.41,85.6452
19.415,85.6929
19.42,85.7407
19.425,85.7885
19.43,85.8362
19.435,85.884
19.44,85.9318
19.445,85.9795
19.45,86.0273
19.455,86.0751
19.46,86.1228
19.465,86.1706
19.47,86.2184
19.475,86.2662
19.48,86.3139
19.485,86.3617
19.49,86.4095
19.495,86.4572
19.5,86.505
19.505,86.5528
19.51,86.6005
19.515,86.6483
19.52,86.6961
19.525,86.7438
19.53,86.7916
19.535,86.8394
19.54,86.8871
19.545,86.9349
19.55,86.9826
19.555,87.0304
19.56,87.0781
19.565,87.1259
19.57,87.1736
19.575,87.2214
19.58,87.2691
19.585,87.3169
19.59,87.3646
19.595,87.4123
19.6,87.4601
19.605,87.5078
19.61,87.5555
19.615,87.6032
19.62,87.6509
19.625,87.6986
19.63,87.7463
19.635,87.794
19.64,87.8416
19.645,87.8893
19.65,87.937
19.655,87.9846
19.66,88.0322
19.665,88.0799
19.67,88.1275
19.675,88.1751
19.68,88.2227
19.685,88.2703
19.69,88.3179
19.695,88.3654
19.7,88.413
19.705,88.4605
19.71,88.508
19.715,88.5555
19.72,88.603
19.725,88.6505
19.73,88.6979
19.735,88.7453
19.74,88.7928
19.745,88.8402
19.75,88.8875
19.755,88.9349
19.76,88.9822
19.765,89.0296
19.77,89.0769
19.775,89.1241
19.78,89.1714
19.785,89.2186
19.79,89.2659
19.795,89.313
19.8,89.3602
19.805,89.4074
19.81,89.4545
19.815,89.5016
19.82,89.5486
19.825,89.5957
19.83,89.6427
19.835,89.6897
19.84,89.7366
19.845,89.7836
19.85,89.8305
19.855,89.8773
19.86,89.9242
19.865,89.971
19.87,90.0178
19.875,90.0645
19.88,90.1113
19.885,90.1579
19.89,90.2046
19.895,90.2512
19.9,90.2978
19.905,90.3444
19.91,90.3909
19.915,90.4374
19.92,90.4839
19.925,90.5303
19.93,90.5767
19.935,90.623
19.94,90.6693
19.945,90.7156
19.95,90.7619
19.955,90.8081
19.96,90.8542
19.965,90.9004
19.97,90.9465
19.975,90.9925
19.98,91.0385
19.985,91.0845
19.99,91.1305
19.995,91.1764
20,91.2222
20.005,91.268
20.01,91.3138
20.015,91.3596
20.02,91.4053
20.025,91.4509
20.03,91.4965
20.035,91.5421
20.04,91.5876
20.045,91.6331
20.05,91.6785
20.055,91.7239
20.06,91.7693
20.065,91.8146
20.07,91.8599
20.075,91.9051
20.08,91.9503
20.085,91.9954
20.09,92.0405
20.095,92.0855
20.1,92.1305
20.105,92.1755
20.11,92.2204
20.115,92.2652
20.12,92.31
20.125,92.3548
20.13,92.3995
20.135,92.4442
20.14,92.4888
20.145,92.5334
20.15,92.5779
20.155,92.6224
20.16,92.6668
20.165,92.7112
20.17,92.7555
20.175,92.7998
20.18,92.844
20.185,92.8882
20.19,92.9323
20.195,92.9764
20.2,93.0204
20.205,93.0644
20.21,93.1083
20.215,93.1522
20.22,93.196
20.225,93.2398
20.23,93.2835
20.235,93.3271
20.24,93.3707
20.245,93.4143
20.25,93.4578
20.255,93.5012
20.26,93.5446
20.265,93.5879
20.27,93.6312
20.275,93.6744
20.28,93.7176
20.285,93.7607
20.29,93.8037
20.295,93.8467
20.3,93.8897
20.305,93.9325
20.31,93.9754
20.315,94.0181
20.32,94.0608
20.325,94.1035
20.33,94.1461
20.335,94.1886
20.34,94.231
20.345,94.2734
20.35,94.3158
20.355,94.3581
20.36,94.4003
20.365,94.4425
20.37,94.4846
20.375,94.5266
20.38,94.5686
20.385,94.6105
20.39,94.6523
20.395,94.6941
20.4,94.7359
20.405,94.7775
20.41,94.8191
20.415,94.8607
20.42,94.9022
20.425,94.9436
20.43,94.985
20.435,95.0262
20.44,95.0675
20.445,95.1087
20.45,95.1498
20.455,95.1908
20.46,95.2318
20.465,95.2727
20.47,95.3136
20.475,95.3544
20.48,95.3951
20.485,95.4358
20.49,95.4764
20.495,95.5169
20.5,95.5574
20.505,95.5978
20.51,95.6381
20.515,95.6784
20.52,95.7187
20.525,95.7588
20.53,95.7989
20.535,95.8389
20.54,95.8789
20.545,95.9188
20.55,95.9586
20.555,95.9984
20.56,96.0381
20.565,96.0778
20.57,96.1173
20.575,96.1568
20.58,96.1963
20.585,96.2357
20.59,96.275
20.595,96.3142
20.6,96.3534
20.605,96.3926
20.61,96.4316
20.615,96.4706
20.62,96.5095
20.625,96.5484
20.63,96.5872
20.635,96.6259
20.64,96.6646
20.645,96.7032
20.65,96.7417
20.655,96.7801
20.66,96.8185
20.665,96.8569
20.67,96.8951
20.675,96.9333
20.68,96.9714
20.685,97.0095
20.69,97.0475
20.695,97.0854
20.7,97.1233
20.705,97.1611
20.71,97.1988
20.715,97.2365
20.72,97.2741
20.725,97.3116
20.73,97.3491
20.735,97.3864
20.74,97.4238
20.745,97.461
20.75,97.4982
20.755,97.5353
20.76,97.5724
20.765,97.6094
20.77,97.6463
20.775,97.6831
20.78,97.7199
20.785,97.7566
20.79,97.7933
20.795,97.8298
20.8,97.8663
20.805,97.9028
20.81,97.9391
20.815,97.9754
20.82,98.0116
20.825,98.0478
20.83,98.0839
20.835,98.1199
20.84,98.1558
20.845,98.1917
20.85,98.2275
20.855,98.2633
20.86,98.2989
20.865,98.3345
20.87,98.3701
20.875,98.4055
20.88,98.4409
20.885,98.4762
20.89,98.5115
20.895,98.5467
20.9,98.5818
20.905,98.6168
20.91,98.6518
20.915,98.6867
20.92,98.7215
20.925,98.7563
20.93,98.791
20.935,98.8256
20.94,98.8602
20.945,98.8946
20.95,98.9291
20.955,98.9634
20.96,98.9977
20.965,99.0319
20.97,99.066
20.975,99.1001
20.98,99.1341
20.985,99.168
20.99,99.2019
20.995,99.2357
21,99.2694
21.005,99.303
21.01,99.3366
21.015,99.3701
21.02,99.4036
21.025,99.4369
21.03,99.4702
21.035,99.5035
21.04,99.5366
21.045,99.5697
21.05,99.6027
21.055,99.6357
21.06,99.6686
21.065,99.7014
21.07,99.7341
21.075,99.7668
21.08,99.7994
21.085,99.8319
21.09,99.8644
21.095,99.8968
21.1,99.9291
21.105,99.9613
21.11,99.9935
21.115,100.026
21.12,100.058
21.125,100.09
21.13,100.122
21.135,100.153
21.14,100.185
21.145,100.217
21.15,100.248
21.155,100.28
21.16,100.311
21.165,100.343
21.17,100.374
21.175,100.405
21.18,100.437
21.185,100.468
21.19,100.499
21.195,100.53
21.2,100.561
21.205,100.592
21.21,100.622
21.215,100.653
21.22,100.684
21.225,100.714
21.23,100.745
21.235,100.775
21.24,100.806
21.245,100.836
21.25,100.866
21.255,100.896
21.26,100.926
21.265,100.956
21.27,100.986
21.275,101.016
21.28,101.046
21.285,101.076
21.29,101.105
21.295,101.135
21.3,101.165
21.305,101.194
21.31,101.223
21.315,101.253
21.32,101.282
21.325,101.311
21.33,101.34
21.335,101.369
21.34,101.398
21.345,101.427
21.35,101.456
21.355,101.485
21.36,101.514
21.365,101.542
21.37,101.571
21.375,101.599
21.38,101.628
21.385,101.656
21.39,101.685
21.395,101.713
21.4,101.741
21.405,101.769
21.41,101.797
21.415,101.825
21.42,101.853
21.425,101.881
21.43,101.909
21.435,101.936
21.44,101.964
21.445,101.992
21.45,102.019
21.455,102.047
21.46,102.074
21.465,102.101
21.47,102.128
21.475,102.156
21.48,102.183
21.485,102.21
21.49,102.237
21.495,102.264
21.5,102.291
21.505,102.317
21.51,102.344
21.515,102.371
21.52,102.397
21.525,102.424
21.53,102.45
21.535,102.477
21.54,102.503
21.545,102.529
21.55,102.555
21.555,102.581
21.56,102.607
21.565,102.633
21.57,102.659
21.575,102.685
21.58,102.711
21.585,102.737
21.59,102.762
21.595,102.788
21.6,102.814
21.605,102.839
21.61,102.864
21.615,102.89
21.62,102.915
21.625,102.94
21.63,102.965
21.635,102.99
21.64,103.016
21.645,103.04
21.65,103.065
21.655,103.09
21.66,103.115
21.665,103.14
21.67,103.164
21.675,103.189
21.68,103.213
21.685,103.238
21.69,103.262
21.695,103.287
21.7,103.311
21.705,103.335
21.71,103.359
21.715,103.383
21.72,103.407
21.725,103.431
21.73,103.455
21.735,103.479
21.74,103.503
21.745,103.526
21.75,103.55
21.755,103.574
21.76,103.597
21.765,103.621
21.77,103.644
21.775,103.667
21.78,103.691
21.785,103.714
21.79,103.737
21.795,103.76
21.8,103.783
21.805,103.806
21.81,103.829
21.815,103.852
21.82,103.875
21.825,103.897
21.83,103.92
21.835,103.943
21.84,103.965
21.845,103.988
21.85,104.01
21.855,104.033
21.86,104.055
21.865,104.077
21.87,104.099
21.875,104.122
21.88,104.144
21.885,104.166
21.89,104.188
21.895,104.21
21.9,104.231
21.905,104.253
21.91,104.275
21.915,104.297
21.92,104.318
21.925,104.34
21.93,104.361
21.935,104.383
21.94,104.404
21.945,104.425
21.95,104.447
21.955,104.468
21.96,104.489
21.965,104.51
21.97,104.531
21.975,104.552
21.98,104.573
21.985,104.594
21.99,104.615
21.995,104.635
22,104.656
22.005,104.677
22.01,104.697
22.015,104.718
22.02,104.738
22.025,104.759
22.03,104.779
22.035,104.799
22.04,104.819
22.045,104.839
22.05,104.86
22.055,104.88
22.06,104.9
22.065,104.92
22.07,104.939
22.075,104.959
22.08,104.979
22.085,104.999
22.09,105.018
22.095,105.038
22.1,105.057
22.105,105.077
22.11,105.096
22.115,105.116
22.12,105.135
22.125,105.154
22.13,105.173
22.135,105.193
22.14,105.212
22.145,105.231
22.15,105.25
22.155,105.269
22.16,105.287
22.165,105.306
22.17,105.325
22.175,105.344
22.18,105.362
22.185,105.381
22.19,105.4
22.195,105.418
22.2,105.437
22.205,105.455
22.21,105.473
22.215,105.492
22.22,105.51
22.225,105.528
22.23,105.546
22.235,105.564
22.24,105.582
22.245,105.6
22.25,105.618
22.255,105.636
22.26,105.654
22.265,105.671
22.27,105.689
22.275,105.707
22.28,105.724
22.285,105.742
22.29,105.759
22.295,105.777
22.3,105.794
22.305,105.812
22.31,105.829
22.315,105.846
22.32,105.863
22.325,105.88
22.33,105.897
22.335,105.915
22.34,105.931
22.345,105.948
22.35,105.965
22.355,105.982
22.36,105.999
22.365,106.016
22.37,106.032
22.375,106.049
22.38,106.065
22.385,106.082
22.39,106.098
22.395,106.115
22.4,106.131
22.405,106.148
22.41,106.164
22.415,106.18
22.42,106.196
22.425,106.212
22.43,106.228
22.435,106.244
22.44,106.26
22.445,106.276
22.45,106.292
22.455,106.308
22.46,106.324
22.465,106.339
22.47,106.355
22.475,106.371
22.48,106.386
22.485,106.402
22.49,106.417
22.495,106.433
22.5,106.448
22.505,106.464
22.51,106.479
22.515,106.494
22.52,106.509
22.525,106.524
22.53,106.54
22.535,106.555
22.54,106.57
22.545,106.585
22.55,106.599
22.555,106.614
22.56,106.629
22.565,106.644
22.57,106.659
22.575,106.673
22.58,106.688
22.585,106.703
22.59,106.717
22.595,106.732
22.6,106.746
22.605,106.761
22.61,106.775
22.615,106.789
22.62,106.804
22.625,106.818
22.63,106.832
22.635,106.846
22.64,106.86
22.645,106.874
22.65,106.888
22.655,106.902
22.66,106.916
22.665,106.93
22.67,106.944
22.675,106.958
22.68,106.971
22.685,106.985
22.69,106.999
22.695,107.012
22.7,107.026
22.705,107.04
22.71,107.053
22.715,107.066
22.72,107.08
22.725,107.093
22.73,107.107
22.735,107.12
22.74,107.133
22.745,107.146
22.75,107.159
22.755,107.172
22.76,107.185
22.765,107.198
22.77,107.211
22.775,107.224
22.78,107.237
22.785,107.25
22.79,107.263
22.795,107.276
22.8,107.288
22.805,107.301
22.81,107.314
22.815,107.326
22.82,107.339
22.825,107.351
22.83,107.364
22.835,107.376
22.84,107.389
22.845,107.401
22.85,107.413
22.855,107.425
22.86,107.438
22.865,107.45
22.87,107.462
22.875,107.474
22.88,107.486
22.885,107.498
22.89,107.51
22.895,107.522
22.9,107.534
22.905,107.546
22.91,107.557
22.915,107.569
22.92,107.581
22.925,107.592
22.93,107.604
22.935,107.616
22.94,107.627
22.945,107.639
22.95,107.65
22.955,107.662
22.96,107.673
22.965,107.684
22.97,107.696
22.975,107.707
22.98,107.718
22.985,107.729
22.99,107.74
22.995,107.752
23,107.763
23.005,107.774
23.01,107.785
23.015,107.796
23.02,107.807
23.025,107.818
23.03,107.828
23.035,107.839
23.04,107.85
23.045,107.861
23.05,107.871
23.055,107.882
23.06,107.893
23.065,107.903
23.07,107.914
23.075,107.924
23.08,107.935
23.085,107.945
23.09,107.956
23.095,107.966
23.1,107.976
23.105,107.987
23.11,107.997
23.115,108.007
23.12,108.017
23.125,108.028
23.13,108.038
23.135,108.048
23.14,108.058
23.145,108.068
23.15,108.078
23.155,108.088
23.16,108.098
23.165,108.108
23.17,108.118
23.175,108.127
23.18,108.137
23.185,108.147
23.19,108.157
23.195,108.166
23.2,108.176
23.205,108.186
23.21,108.195
23.215,108.205
23.22,108.214
23.225,108.224
23.23,108.233
23.235,108.243
23.24,108.252
23.245,108.261
23.25,108.271
23.255,108.28
23.26,108.289
23.265,108.298
23.27,108.308
23.275,108.317
23.28,108.326
23.285,108.335
23.29,108.344
23.295,108.353
23.3,108.362
23.305,108.371
23.31,108.38
23.315,108.389
23.32,108.398
23.325,108.407
23.33,108.415
23.335,108.424
23.34,108.433
23.345,108.442
23.35,108.45
23.355,108.459
23.36,108.468
23.365,108.476
23.37,108.485
23.375,108.493
23.38,108.502
23.385,108.51
23.39,108.519
23.395,108.527
23.4,108.535
23.405,108.544
23.41,108.552
23.415,108.56
23.42,108.569
23.425,108.577
23.43,108.585
23.435,108.593
23.44,108.601
23.445,108.609
23.45,108.617
23.455,108.625
23.46,108.633
23.465,108.641
23.47,108.649
23.475,108.657
23.48,108.665
23.485,108.673
23.49,108.681
23.495,108.689
23.5,108.696
23.505,108.704
23.51,108.712
23.515,108.719
23.52,108.727
23.525,108.735
23.53,108.742
23.535,108.75
23.54,108.757
23.545,108.765
23.55,108.772
23.555,108.78
23.56,108.787
23.565,108.795
23.57,108.802
23.575,108.809
23.58,108.817
23.585,108.824
23.59,108.831
23.595,108.838
23.6,108.845
23.605,108.853
23.61,108.86
23.615,108.867
23.62,108.874
23.625,108.881
23.63,108.888
23.635,108.895
23.64,108.902
23.645,108.909
23.65,108.916
23.655,108.923
23.66,108.93
23.665,108.936
23.67,108.943
23.675,108.95
23.68,108.957
23.685,108.964
23.69,108.97
23.695,108.977
23.7,108.984
23.705,108.99
23.71,108.997
23.715,109.004
23.72,109.01
23.725,109.017
23.73,109.023
23.735,109.03
23.74,109.036
23.745,109.043
23.75,109.049
23.755,109.055
23.76,109.062
23.765,109.068
23.77,109.074
23.775,109.081
23.78,109.087
23.785,109.093
23.79,109.099
23.795,109.106
23.8,109.112
23.805,109.118
23.81,109.124
23.815,109.13
23.82,109.136
23.825,109.142
23.83,109.148
23.835,109.154
23.84,109.16
23.845,109.166
23.85,109.172
23.855,109.178
23.86,109.184
23.865,109.19
23.87,109.196
23.875,109.201
23.88,109.207
23.885,109.213
23.89,109.219
23.895,109.224
23.9,109.23
23.905,109.236
23.91,109.242
23.915,109.247
23.92,109.253
23.925,109.258
23.93,109.264
23.935,109.269
23.94,109.275
23.945,109.28
23.95,109.286
23.955,109.291
23.96,109.297
23.965,109.302
23.97,109.308
23.975,109.313
23.98,109.318
23.985,109.324
23.99,109.329
23.995,109.334
24,109.339
24.005,109.345
24.01,109.35
24.015,109.355
24.02,109.36
24.025,109.365
24.03,109.371
24.035,109.376
24.04,109.381
24.045,109.386
24.05,109.391
24.055,109.396
24.06,109.401
24.065,109.406
24.07,109.411
24.075,109.416
24.08,109.421
24.085,109.425
24.09,109.43
24.095,109.435
24.1,109.44
24.105,109.445
24.11,109.45
24.115,109.454
24.12,109.459
24.125,109.464
24.13,109.468
24.135,109.473
24.14,109.478
24.145,109.482
24.15,109.487
24.155,109.492
24.16,109.496
24.165,109.501
24.17,109.505
24.175,109.51
24.18,109.514
24.185,109.519
24.19,109.523
24.195,109.528
24.2,109.532
24.205,109.537
24.21,109.541
24.215,109.545
24.22,109.55
24.225,109.554
24.23,109.558
24.235,109.563
24.24,109.567
24.245,109.571
24.25,109.575
24.255,109.58
24.26,109.584
24.265,109.588
24.27,109.592
24.275,109.596
24.28,109.601
24.285,109.605
24.29,109.609
24.295,109.613
24.3,109.617
24.305,109.621
24.31,109.625
24.315,109.629
24.32,109.633
24.325,109.637
24.33,109.641
24.335,109.645
24.34,109.649
24.345,109.653
24.35,109.657
24.355,109.66
24.36,109.664
24.365,109.668
24.37,109.672
24.375,109.676
24.38,109.68
24.385,109.683
24.39,109.687
24.395,109.691
24.4,109.695
24.405,109.698
24.41,109.702
24.415,109.706
24.42,109.709
24.425,109.713
24.43,109.717
24.435,109.72
24.44,109.724
24.445,109.727
24.45,109.731
24.455,109.734
24.46,109.738
24.465,109.741
24.47,109.745
24.475,109.748
24.48,109.752
24.485,109.755
24.49,109.759
24.495,109.762
24.5,109.766
24.505,109.769
24.51,109.772
24.515,109.776
24.52,109.779
24.525,109.782
24.53,109.786
24.535,109.789
24.54,109.792
24.545,109.796
24.55,109.799
24.555,109.802
24.56,109.805
24.565,109.808
24.57,109.812
24.575,109.815
24.58,109.818
24.585,109.821
24.59,109.824
24.595,109.827
24.6,109.83
24.605,109.833
24.61,109.836
24.615,109.84
24.62,109.843
24.625,109.846
24.63,109.849
24.635,109.852
24.64,109.855
24.645,109.858
24.65,109.86
24.655,109.863
24.66,109.866
24.665,109.869
24.67,109.872
24.675,109.875
24.68,109.878
24.685,109.881
24.69,109.884
24.695,109.886
24.7,109.889
24.705,109.892
24.71,109.895
24.715,109.898
24.72,109.9
24.725,109.903
24.73,109.906
24.735,109.909
24.74,109.911
24.745,109.914
24.75,109.917
24.755,109.919
24.76,109.922
24.765,109.925
24.77,109.927
24.775,109.93
24.78,109.932
24.785,109.935
24.79,109.938
24.795,109.94
24.8,109.943
24.805,109.945
24.81,109.948
24.815,109.95
24.82,109.953
24.825,109.955
24.83,109.958
24.835,109.96
24.84,109.963
24.845,109.965
24.85,109.968
24.855,109.97
24.86,109.972
24.865,109.975
24.87,109.977
24.875,109.98
24.88,109.982
24.885,109.984
24.89,109.987
24.895,109.989
24.9,109.991
24.905,109.994
24.91,109.996
24.915,109.998
24.92,110
24.925,110.003
24.93,110.005
24.935,110.007
24.94,110.009
24.945,110.012
24.95,110.014
24.955,110.016
24.96,110.018
24.965,110.02
24.97,110.022
24.975,110.025
24.98,110.027
24.985,110.029
24.99,110.031
24.995,110.033
25,110.035
25.005,110.037
25.01,110.039
25.015,110.041
25.02,110.043
25.025,110.045
25.03,110.047
25.035,110.049
25.04,110.051
25.045,110.053
25.05,110.055
25.055,110.057
25.06,110.059
25.065,110.061
25.07,110.063
25.075,110.065
25.08,110.067
25.085,110.069
25.09,110.071
25.095,110.073
25.1,110.075
25.105,110.076
25.11,110.078
25.115,110.08
25.12,110.082
25.125,110.084
25.13,110.086
25.135,110.087
25.14,110.089
25.145,110.091
25.15,110.093
25.155,110.094
25.16,110.096
25.165,110.098
25.17,110.1
25.175,110.101
25.18,110.103
25.185,110.105
25.19,110.106
25.195,110.108
25.2,110.11
25.205,110.112
25.21,110.113
25.215,110.115
25.22,110.116
25.225,110.118
25.23,110.12
25.235,110.121
25.24,110.123
25.245,110.125
25.25,110.126
25.255,110.128
25.26,110.129
25.265,110.131
25.27,110.132
25.275,110.134
25.28,110.136
25.285,110.137
25.29,110.139
25.295,110.14
25.3,110.142
25.305,110.143
25.31,110.145
25.315,110.146
25.32,110.148
25.325,110.149
25.33,110.15
25.335,110.152
25.34,110.153
25.345,110.155
25.35,110.156
25.355,110.158
25.36,110.159
25.365,110.16
25.37,110.162
25.375,110.163
25.38,110.165
25.385,110.166
25.39,110.167
25.395,110.169
25.4,110.17
25.405,110.171
25.41,110.173
25.415,110.174
25.42,110.175
25.425,110.177
25.43,110.178
25.435,110.179
25.44,110.18
25.445,110.182
25.45,110.183
25.455,110.184
25.46,110.185
25.465,110.187
25.47,110.188
25.475,110.189
25.48,110.19
25.485,110.192
25.49,110.193
25.495,110.194
25.5,110.195
25.505,110.196
25.51,110.197
25.515,110.199
25.52,110.2
25.525,110.201
25.53,110.202
25.535,110.203
25.54,110.204
25.545,110.205
25.55,110.206
25.555,110.207
25.56,110.209
25.565,110.21
25.57,110.211
25.575,110.212
25.58,110.213
25.585,110.214
25.59,110.215
25.595,110.216
25.6,110.217
25.605,110.218
25.61,110.219
25.615,110.22
25.62,110.221
25.625,110.222
25.63,110.223
25.635,110.224
25.64,110.225
25.645,110.226
25.65,110.227
25.655,110.228
25.66,110.229
25.665,110.23
25.67,110.231
25.675,110.231
25.68,110.232
25.685,110.233
25.69,110.234
25.695,110.235
25.7,110.236
25.705,110.237
25.71,110.238
25.715,110.239
25.72,110.239
25.725,110.24
25.73,110.241
25.735,110.242
25.74,110.243
25.745,110.244
25.75,110.244
25.755,110.245
25.76,110.246
25.765,110.247
25.77,110.248
25.775,110.249
25.78,110.249
25.785,110.25
25.79,110.251
25.795,110.252
25.8,110.253
25.805,110.253
25.81,110.254
25.815,110.255
25.82,110.256
25.825,110.256
25.83,110.257
25.835,110.258
25.84,110.259
25.845,110.259
25.85,110.26
25.855,110.261
25.86,110.261
25.865,110.262
25.87,110.263
25.875,110.264
25.88,110.264
25.885,110.265
25.89,110.266
25.895,110.266
25.9,110.267
25.905,110.268
25.91,110.268
25.915,110.269
25.92,110.27
25.925,110.27
25.93,110.271
25.935,110.272
25.94,110.272
25.945,110.273
25.95,110.274
25.955,110.274
25.96,110.275
25.965,110.276
25.97,110.276
25.975,110.277
25.98,110.277
25.985,110.278
25.99,110.279
25.995,110.279
26,110.28
26.005,110.281
26.01,110.281
26.015,110.282
26.02,110.282
26.025,110.283
26.03,110.283
26.035,110.284
26.04,110.285
26.045,110.285
26.05,110.286
26.055,110.286
26.06,110.287
26.065,110.287
26.07,110.288
26.075,110.288
26.08,110.289
26.085,110.289
26.09,110.29
26.095,110.29
26.1,110.291
26.105,110.291
26.11,110.292
26.115,110.292
26.12,110.293
26.125,110.293
26.13,110.294
26.135,110.294
26.14,110.295
26.145,110.295
26.15,110.296
26.155,110.296
26.16,110.297
26.165,110.297
26.17,110.298
26.175,110.298
26.18,110.299
26.185,110.299
26.19,110.299
26.195,110.3
26.2,110.3
26.205,110.301
26.21,110.301
26.215,110.302
26.22,110.302
26.225,110.302
26.23,110.303
26.235,110.303
26.24,110.304
26.245,110.304
26.25,110.304
26.255,110.305
26.26,110.305
26.265,110.306
26.27,110.306
26.275,110.306
26.28,110.307
26.285,110.307
26.29,110.307
26.295,110.308
26.3,110.308
26.305,110.308
26.31,110.309
26.315,110.309
26.32,110.31
26.325,110.31
26.33,110.31
26.335,110.311
26.34,110.311
26.345,110.311
26.35,110.312
26.355,110.312
26.36,110.312
26.365,110.313
26.37,110.313
26.375,110.313
26.38,110.313
26.385,110.314
26.39,110.314
26.395,110.314
26.4,110.315
26.405,110.315
26.41,110.315
26.415,110.316
26.42,110.316
26.425,110.316
26.43,110.316
26.435,110.317
26.44,110.317
26.445,110.317
26.45,110.318
26.455,110.318
26.46,110.318
26.465,110.318
26.47,110.319
26.475,110.319
26.48,110.319
26.485,110.319
26.49,110.32
26.495,110.32
26.5,110.32
26.505,110.32
26.51,110.321
26.515,110.321
26.52,110.321
26.525,110.321
26.53,110.322
26.535,110.322
26.54,110.322
26.545,110.322
26.55,110.322
26.555,110.323
26.56,110.323
26.565,110.323
26.57,110.323
26.575,110.324
26.58,110.324
26.585,110.324
26.59,110.324
26.595,110.324
26.6,110.325
26.605,110.325
26.61,110.325
26.615,110.325
26.62,110.325
26.625,110.326
26.63,110.326
26.635,110.326
26.64,110.326
26.645,110.326
26.65,110.326
26.655,110.327
26.66,110.327
26.665,110.327
26.67,110.327
26.675,110.327
26.68,110.327
26.685,110.328
26.69,110.328
26.695,110.328
26.7,110.328
26.705,110.328
26.71,110.328
26.715,110.329
26.72,110.329
26.725,110.329
26.73,110.329
26.735,110.329
26.74,110.329
26.745,110.329
26.75,110.33
26.755,110.33
26.76,110.33
26.765,110.33
26.77,110.33
26.775,110.33
26.78,110.33
26.785,110.33
26.79,110.331
26.795,110.331
26.8,110.331
26.805,110.331
26.81,110.331
26.815,110.331
26.82,110.331
26.825,110.331
26.83,110.331
26.835,110.332
26.84,110.332
26.845,110.332
26.85,110.332
26.855,110.332
26.86,110.332
26.865,110.332
26.87,110.332
26.875,110.332
26.88,110.332
26.885,110.332
26.89,110.333
26.895,110.333
26.9,110.333
26.905,110.333
26.91,110.333
26.915,110.333
26.92,110.333
26.925,110.333
26.93,110.333
26.935,110.333
26.94,110.333
26.945,110.333
26.95,110.333
26.955,110.333
26.96,110.333
26.965,110.334
26.97,110.334
26.975,110.334
26.98,110.334
26.985,110.334
26.99,110.334
26.995,110.334
27,110.334
27.005,110.334
27.01,110.334
27.015,110.334
27.02,110.334
27.025,110.334
27.03,110.334
27.035,110.334
27.04,110.334
27.045,110.334
27.05,110.334
27.055,110.334
27.06,110.334
27.065,110.334
27.07,110.334
27.075,110.334
27.08,110.334
27.085,110.334
27.09,110.334
27.095,110.334
27.1,110.334
27.105,110.334
27.11,110.334
27.115,110.334
27.12,110.334
27.125,110.334
27.13,110.334
27.135,110.334
27.14,110.334
27.145,110.334
27.15,110.334
27.155,110.334
27.16,110.334
27.165,110.334
27.17,110.334
27.175,110.334
27.18,110.334
27.185,110.334
27.19,110.334
27.195,110.334
27.2,110.334
27.205,110.334
27.21,110.334
27.215,110.334
27.22,110.334
27.225,110.334
27.23,110.334
27.235,110.334
27.24,110.334
27.245,110.334
27.25,110.334
27.255,110.334
27.26,110.334
27.265,110.334
27.27,110.334
27.275,110.334
27.28,110.334
27.285,110.334
27.29,110.334
27.295,110.334
27.3,110.334
27.305,110.334
27.31,110.334
27.315,110.334
27.32,110.334
27.325,110.334
27.33,110.333
27.335,110.333
27.34,110.333
27.345,110.333
27.35,110.333
27.355,110.333
27.36,110.333
27.365,110.333
27.37,110.333
27.375,110.333
27.38,110.333
27.385,110.333
27.39,110.333
27.395,110.333
27.4,110.333
27.405,110.333
27.41,110.333
27.415,110.333
27.42,110.332
27.425,110.332
27.43,110.332
27.435,110.332
27.44,110.332
27.445,110.332
27.45,110.332
27.455,110.332
27.46,110.332
27.465,110.332
27.47,110.332
27.475,110.332
27.48,110.332
27.485,110.332
27.49,110.331
27.495,110.331
27.5,110.331
27.505,110.331
27.51,110.331
27.515,110.331
27.52,110.331
27.525,110.331
27.53,110.331
27.535,110.331
27.54,110.331
27.545,110.331
27.55,110.331
27.555,110.33
27.56,110.33
27.565,110.33
27.57,110.33
27.575,110.33
27.58,110.33
27.585,110.33
27.59,110.33
27.595,110.33
27.6,110.33
27.605,110.33
27.61,110.33
27.615,110.329
27.62,110.329
27.625,110.329
27.63,110.329
27.635,110.329
27.64,110.329
27.645,110.329
27.65,110.329
27.655,110.329
27.66,110.329
27.665,110.329
27.67,110.328
27.675,110.328
27.68,110.328
27.685,110.328
27.69,110.328
27.695,110.328
27.7,110.328
27.705,110.328
27.71,110.328
27.715,110.328
27.72,110.328
27.725,110.327
27.73,110.327
27.735,110.327
27.74,110.327
27.745,110.327
27.75,110.327
27.755,110.327
27.76,110.327
27.765,110.327
27.77,110.327
27.775,110.326
27.78,110.326
27.785,110.326
27.79,110.326
27.795,110.326
27.8,110.326
27.805,110.326
27.81,110.326
27.815,110.326
27.82,110.326
27.825,110.325
27.83,110.325
27.835,110.325
27.84,110.325
27.845,110.325
27.85,110.325
27.855,110.325
27.86,110.325
27.865,110.324
27.87,110.324
27.875,110.324
27.88,110.324
27.885,110.324
27.89,110.324
27.895,110.324
27.9,110.324
27.905,110.323
27.91,110.323
27.915,110.323
27.92,110.323
27.925,110.323
27.93,110.323
27.935,110.323
27.94,110.323
27.945,110.322
27.95,110.322
27.955,110.322
27.96,110.322
27.965,110.322
27.97,110.322
27.975,110.322
27.98,110.321
27.985,110.321
27.99,110.321
27.995,110.321
28,110.321
28.005,110.321
28.01,110.32
28.015,110.32
28.02,110.32
28.025,110.32
28.03,110.32
28.035,110.32
28.04,110.32
28.045,110.319
28.05,110.319
28.055,110.319
28.06,110.319
28.065,110.319
28.07,110.319
28.075,110.318
28.08,110.318
28.085,110.318
28.09,110.318
28.095,110.318
28.1,110.318
28.105,110.318
28.11,110.317
28.115,110.317
28.12,110.317
28.125,110.317
28.13,110.317
28.135,110.317
28.14,110.316
28.145,110.316
28.15,110.316
28.155,110.316
28.16,110.316
28.165,110.316
28.17,110.315
28.175,110.315
28.18,110.315
28.185,110.315
28.19,110.315
28.195,110.315
28.2,110.314
28.205,110.314
28.21,110.314
28.215,110.314
28.22,110.314
28.225,110.314
28.23,110.313
28.235,110.313
28.24,110.313
28.245,110.313
28.25,110.313
28.255,110.313
28.26,110.312
28.265,110.312
28.27,110.312
28.275,110.312
28.28,110.312
28.285,110.312
28.29,110.311
28.295,110.311
28.3,110.311
28.305,110.311
28.31,110.311
28.315,110.31
28.32,110.31
28.325,110.31
28.33,110.31
28.335,110.31
28.34,110.31
28.345,110.309
28.35,110.309
28.355,110.309
28.36,110.309
28.365,110.309
28.37,110.308
28.375,110.308
28.38,110.308
28.385,110.308
28.39,110.308
28.395,110.307
28.4,110.307
28.405,110.307
28.41,110.307
28.415,110.307
28.42,110.306
28.425,110.306
28.43,110.306
28.435,110.306
28.44,110.306
28.445,110.305
28.45,110.305
28.455,110.305
28.46,110.305
28.465,110.305
28.47,110.304
28.475,110.304
28.48,110.304
28.485,110.304
28.49,110.304
28.495,110.303
28.5,110.303
28.505,110.303
28.51,110.303
28.515,110.303
28.52,110.302
28.525,110.302
28.53,110.302
28.535,110.302
28.54,110.302
28.545,110.301
28.55,110.301
28.555,110.301
28.56,110.301
28.565,110.301
28.57,110.3
28.575,110.3
28.58,110.3
28.585,110.3
28.59,110.3
28.595,110.299
28.6,110.299
28.605,110.299
28.61,110.299
28.615,110.299
28.62,110.298
28.625,110.298
28.63,110.298
28.635,110.298
28.64,110.298
28.645,110.297
28.65,110.297
28.655,110.297
28.66,110.297
28.665,110.297
28.67,110.296
28.675,110.296
28.68,110.296
28.685,110.296
28.69,110.296
28.695,110.295
28.7,110.295
28.705,110.295
28.71,110.295
28.715,110.295
28.72,110.294
28.725,110.294
28.73,110.294
28.735,110.294
28.74,110.294
28.745,110.293
28.75,110.293
28.755,110.293
28.76,110.293
28.765,110.293
28.77,110.292
28.775,110.292
28.78,110.292
28.785,110.292
28.79,110.292
28.795,110.291
28.8,110.291
28.805,110.291
28.81,110.291
28.815,110.291
28.82,110.29
28.825,110.29
28.83,110.29
28.835,110.29
28.84,110.29
28.845,110.289
28.85,110.289
28.855,110.289
28.86,110.289
28.865,110.289
28.87,110.288
28.875,110.288
28.88,110.288
28.885,110.288
28.89,110.288
28.895,110.287
28.9,110.287
28.905,110.287
28.91,110.287
28.915,110.287
28.92,110.286
28.925,110.286
28.93,110.286
28.935,110.286
28.94,110.286
28.945,110.285
28.95,110.285
28.955,110.285
28.96,110.285
28.965,110.285
28.97,110.284
28.975,110.284
28.98,110.284
28.985,110.284
28.99,110.284
28.995,110.283
29,110.283
29.005,110.283
29.01,110.283
29.015,110.283
29.02,110.282
29.025,110.282
29.03,110.282
29.035,110.282
29.04,110.282
29.045,110.281
29.05,110.281
29.055,110.281
29.06,110.281
29.065,110.281
29.07,110.281
29.075,110.28
29.08,110.28
29.085,110.28
29.09,110.28
29.095,110.28
29.1,110.28
29.105,110.279
29.11,110.279
29.115,110.279
29.12,110.279
29.125,110.279
29.13,110.279
29.135,110.278
29.14,110.278
29.145,110.278
29.15,110.278
29.155,110.278
29.16,110.278
29.165,110.278
29.17,110.277
29.175,110.277
29.18,110.277
29.185,110.277
29.19,110.277
29.195,110.277
29.2,110.277
29.205,110.276
29.21,110.276
29.215,110.276
29.22,110.276
29.225,110.276
29.23,110.276
29.235,110.276
29.24,110.275
29.245,110.275
29.25,110.275
29.255,110.275
29.26,110.275
29.265,110.275
29.27,110.275
29.275,110.275
29.28,110.274
29.285,110.274
29.29,110.274
29.295,110.274
29.3,110.274
29.305,110.274
29.31,110.274
29.315,110.274
29.32,110.273
29.325,110.273
29.33,110.273
29.335,110.273
29.34,110.273
29.345,110.273
29.35,110.273
29.355,110.273
29.36,110.272
29.365,110.272
29.37,110.272
29.375,110.272
29.38,110.272
29.385,110.272
29.39,110.272
29.395,110.272
29.4,110.271
29.405,110.271
29.41,110.271
29.415,110.271
29.42,110.271
29.425,110.271
29.43,110.271
29.435,110.271
29.44,110.27
29.445,110.27
29.45,110.27
29.455,110.27
29.46,110.27
29.465,110.27
29.47,110.27
29.475,110.27
29.48,110.269
29.485,110.269
29.49,110.269
29.495,110.269
29.5,110.269
29.505,110.269
29.51,110.269
29.515,110.269
29.52,110.268
29.525,110.268
29.53,110.268
29.535,110.268
29.54,110.268
29.545,110.268
29.55,110.268
29.555,110.267
29.56,110.267
29.565,110.267
29.57,110.267
29.575,110.267
29.58,110.267
29.585,110.267
29.59,110.267
29.595,110.266
29.6,110.266
29.605,110.266
29.61,110.266
29.615,110.266
29.62,110.266
29.625,110.266
29.63,110.265
29.635,110.265
29.64,110.265
29.645,110.265
29.65,110.265
29.655,110.265
29.66,110.265
29.665,110.264
29.67,110.264
29.675,110.264
29.68,110.264
29.685,110.264
29.69,110.264
29.695,110.264
29.7,110.264
29.705,110.263
29.71,110.263
29.715,110.263
29.72,110.263
29.725,110.263
29.73,110.263
29.735,110.263
29.74,110.262
29.745,110.262
29.75,110.262
29.755,110.262
29.76,110.262
29.765,110.262
29.77,110.262
29.775,110.261
29.78,110.261
29.785,110.261
29.79,110.261
29.795,110.261
29.8,110.261
29.805,110.261
29.81,110.26
29.815,110.26
29.82,110.26
29.825,110.26
29.83,110.26
29.835,110.26
29.84,110.259
29.845,110.259
29.85,110.259
29.855,110.259
29.86,110.259
29.865,110.259
29.87,110.259
29.875,110.258
29.88,110.258
29.885,110.258
29.89,110.258
29.895,110.258
29.9,110.258
29.905,110.258
29.91,110.257
29.915,110.257
29.92,110.257
29.925,110.257
29.93,110.257
29.935,110.257
29.94,110.257
29.945,110.256
29.95,110.256
29.955,110.256
29.96,110.256
29.965,110.256
29.97,110.256
29.975,110.256
29.98,110.256
29.985,110.255
29.99,110.255
29.995,110.255
30,110.255
